filename,x1_before,x1_after,y1_before,y1_after,x2_before,x2_after,y2_before,y2_after,width_before,width_after,height_before,height_after,skew_before,skew_after,abs_skew_before,abs_skew_after,delta_x1,delta_y1,delta_x2,delta_y2,delta_width,delta_height,delta_skew,delta_abs_skew,abs_delta_skew
v1_012,380,388,364,360,2556,2556,4172,4168,2176,2168,3808,3808,0.21,0.32,0.21,0.32,8,-4,0,-4,-8,0,0.11,0.11,0.11
v1_013,220,228,400,400,2360,2372,4232,4228,2140,2144,3832,3828,0.00,-0.11,0.00,0.11,8,0,12,-4,4,-4,-0.11,0.11,0.11
v1_014,512,520,396,400,2672,2680,4220,4228,2160,2160,3824,3828,-0.43,-0.32,0.43,0.32,8,4,8,8,0,4,0.11,-0.11,0.11
v1_015,228,244,340,336,2376,2388,4140,4144,2148,2144,3800,3808,-0.11,-0.11,0.11,0.11,16,-4,12,4,-4,8,-0.00,0.00,0.00
v1_016,512,524,348,352,2664,2676,4136,4140,2152,2152,3788,3788,0.11,0.00,0.11,0.00,12,4,12,4,0,0,-0.11,-0.11,0.11
v1_017,260,272,372,392,2412,2416,4200,4200,2152,2144,3828,3808,0.97,0.86,0.97,0.86,12,20,4,0,-8,-20,-0.10,-0.10,0.10
v1_018,496,512,372,368,2656,2660,4192,4192,2160,2148,3820,3824,0.11,-0.64,0.11,0.64,16,-4,4,0,-12,4,-0.75,0.54,0.54
v1_019,320,332,388,388,2484,2496,4212,4212,2164,2164,3824,3824,0.32,0.32,0.32,0.32,12,0,12,0,0,0,0.00,0.00,0.00
v1_020,404,444,384,380,2564,2576,4196,4200,2160,2132,3812,3820,-0.22,-0.32,0.22,0.32,40,-4,12,4,-28,8,-0.11,0.11,0.11
v1_021,324,344,352,352,2488,2508,4180,4184,2164,2164,3828,3832,0.43,0.32,0.43,0.32,20,0,20,4,0,4,-0.11,-0.11,0.11
v1_022,376,412,340,340,2564,2576,4164,4168,2188,2164,3824,3828,-0.64,-0.86,0.64,0.86,36,0,12,4,-24,4,-0.22,0.22,0.22
v1_023,332,348,384,388,2480,2500,4204,4204,2148,2152,3820,3816,0.11,0.00,0.11,0.00,16,4,20,0,4,-4,-0.11,-0.11,0.11
v1_024,380,408,380,384,2540,2564,4208,4220,2160,2156,3828,3836,-0.43,-0.43,0.43,0.43,28,4,24,12,-4,8,-0.00,0.00,0.00
v1_025,232,260,316,308,2448,2448,4172,4176,2216,2188,3856,3868,1.06,0.00,1.06,0.00,28,-8,0,4,-28,12,-1.06,-1.06,1.06
v1_026,408,432,348,320,2608,2596,4176,4180,2200,2164,3828,3860,-0.80,0.00,0.80,0.00,24,-28,-12,4,-36,32,0.80,-0.80,0.80
v1_027,204,240,396,396,2356,2380,4176,4180,2152,2140,3780,3784,0.00,0.00,0.00,0.00,36,0,24,4,-12,4,0.00,0.00,0.00
v1_028,460,492,376,380,2632,2636,4164,4168,2172,2144,3788,3788,0.11,0.00,0.11,0.00,32,4,4,4,-28,0,-0.11,-0.11,0.11
v1_029,164,204,396,396,2340,2364,4208,4204,2176,2160,3812,3808,0.54,0.43,0.54,0.43,40,0,24,-4,-16,-4,-0.11,-0.11,0.11
v1_030,508,544,408,408,2668,2700,4208,4208,2160,2156,3800,3800,-0.32,-0.54,0.32,0.54,36,0,32,0,-4,0,-0.22,0.22,0.22
v1_031,204,240,352,360,2360,2392,4204,4192,2156,2152,3852,3832,0.32,0.00,0.32,0.00,36,8,32,-12,-4,-20,-0.32,-0.32,0.32
v1_033,212,248,364,368,2376,2408,4204,4208,2164,2160,3840,3840,0.32,0.32,0.32,0.32,36,4,32,4,-4,0,0.00,0.00,0.00
v1_034,488,532,360,356,2636,2664,4208,4208,2148,2132,3848,3852,-0.65,0.00,0.65,0.00,44,-4,28,0,-16,4,0.65,-0.65,0.65
v1_035,252,264,364,368,2420,2432,4212,4216,2168,2168,3848,3848,0.11,-0.43,0.11,0.43,12,4,12,4,0,0,-0.54,0.32,0.32
v1_036,468,496,360,364,2632,2644,4228,4184,2164,2148,3868,3820,-0.11,-0.11,0.11,0.11,28,4,12,-44,-16,-48,0.00,0.00,0.00
v1_037,240,256,360,360,2436,2440,4208,4204,2196,2184,3848,3844,0.64,0.64,0.64,0.64,16,0,4,-4,-12,-4,0.00,0.00,0.00
v1_038,436,460,356,344,2612,2628,4192,4192,2176,2168,3836,3848,-0.64,-0.86,0.64,0.86,24,-12,16,0,-8,12,-0.22,0.22,0.22
v1_041,248,260,348,348,2420,2444,4164,4168,2172,2184,3816,3820,0.32,0.42,0.32,0.42,12,0,24,4,12,4,0.10,0.10,0.10
v1_042,456,476,328,328,2624,2636,4176,4176,2168,2160,3848,3848,-0.32,-0.43,0.32,0.43,20,0,12,0,-8,0,-0.11,0.11,0.11
v1_043,272,292,300,300,2428,2448,4116,4112,2156,2156,3816,3812,0.00,0.00,0.00,0.00,20,0,20,-4,0,-4,0.00,0.00,0.00
v1_044,440,460,340,320,2592,2608,4148,4144,2152,2148,3808,3824,0.00,-0.11,0.00,0.11,20,-20,16,-4,-4,16,-0.11,0.11,0.11
v1_045,272,292,328,328,2416,2436,4132,4136,2144,2144,3804,3808,0.00,0.00,0.00,0.00,20,0,20,4,0,4,0.00,0.00,0.00
v1_046,460,472,340,344,2604,2624,4164,4168,2144,2152,3824,3824,0.00,0.00,0.00,0.00,12,4,20,4,8,0,0.00,0.00,0.00
v1_047,272,288,356,356,2416,2432,4176,4176,2144,2144,3820,3820,0.23,0.00,0.23,0.00,16,0,16,0,0,0,-0.23,-0.23,0.23
v1_048,440,460,348,348,2600,2616,4176,4180,2160,2156,3828,3832,0.21,0.32,0.21,0.32,20,0,16,4,-4,4,0.11,0.11,0.11
v1_049,268,304,336,336,2436,2452,4144,4140,2168,2148,3808,3804,0.00,0.11,0.00,0.11,36,0,16,-4,-20,-4,0.11,0.11,0.11
v1_050,452,460,352,360,2616,2632,4132,4136,2164,2172,3780,3776,0.00,0.00,0.00,0.00,8,8,16,4,8,-4,0.00,0.00,0.00
v1_051,320,332,348,348,2464,2488,4196,4220,2144,2156,3848,3872,-0.11,-0.11,0.11,0.11,12,0,24,24,12,24,0.00,-0.00,0.00
v1_052,424,444,324,332,2584,2600,4156,4160,2160,2156,3832,3828,-0.21,-0.22,0.21,0.22,20,8,16,4,-4,-4,-0.00,0.00,0.00
v1_053,280,316,364,360,2456,2480,4188,4192,2176,2164,3824,3832,0.21,0.86,0.21,0.86,36,-4,24,4,-12,8,0.65,0.65,0.65
v1_054,400,428,336,344,2564,2576,4148,4152,2164,2148,3812,3808,0.32,0.21,0.32,0.21,28,8,12,4,-16,-4,-0.11,-0.11,0.11
v1_055,288,312,352,344,2464,2488,4184,4188,2176,2176,3832,3844,0.64,3.18,0.64,3.18,24,-8,24,4,0,12,2.54,2.54,2.54
v1_056,424,448,336,324,2564,2588,4172,4172,2140,2140,3836,3848,0.00,-0.43,0.00,0.43,24,-12,24,0,0,12,-0.43,0.43,0.43
v1_057,244,288,332,340,2436,2464,4168,4168,2192,2176,3836,3828,0.65,0.76,0.65,0.76,44,8,28,0,-16,-8,0.11,0.11,0.11
v1_058,408,436,304,304,2580,2600,4156,4156,2172,2164,3852,3852,-0.64,-0.65,0.64,0.65,28,0,20,0,-8,0,-0.00,0.00,0.00
v1_059,288,316,332,336,2428,2452,4140,4136,2140,2136,3808,3800,0.00,0.00,0.00,0.00,28,4,24,-4,-4,-8,0.00,0.00,0.00
v1_062,440,460,372,364,2596,2632,4196,4192,2156,2172,3824,3828,0.11,0.21,0.11,0.21,20,-8,36,-4,16,4,0.11,0.11,0.11
v1_063,260,292,336,336,2412,2440,4160,4156,2152,2148,3824,3820,0.11,0.21,0.11,0.21,32,0,28,-4,-4,-4,0.11,0.11,0.11
v1_064,432,456,336,348,2588,2608,4156,4160,2156,2152,3820,3812,0.11,0.00,0.11,0.00,24,12,20,4,-4,-8,-0.11,-0.11,0.11
v1_065,272,312,352,352,2444,2468,4184,4184,2172,2156,3832,3832,0.43,0.64,0.43,0.64,40,0,24,0,-16,0,0.22,0.22,0.22
v1_066,428,464,368,368,2596,2624,4180,4184,2168,2160,3812,3816,-0.32,-0.43,0.32,0.43,36,0,28,4,-8,4,-0.11,0.11,0.11
v1_069,272,304,312,316,2416,2448,4160,4164,2144,2144,3848,3848,-0.32,-0.21,0.32,0.21,32,4,32,4,0,0,0.11,-0.11,0.11
v1_070,436,464,360,348,2564,2600,4200,4200,2128,2136,3840,3852,0.00,0.43,0.00,0.43,28,-12,36,0,8,12,0.43,0.43,0.43
v1_071,264,304,244,232,2452,2464,4128,4128,2188,2160,3884,3896,-0.53,-1.08,0.53,1.08,40,-12,12,0,-28,12,-0.54,0.54,0.54
v1_072,424,456,388,384,2572,2596,4196,4196,2148,2140,3808,3812,-0.32,-0.22,0.32,0.22,32,-4,24,0,-8,4,0.11,-0.11,0.11
v1_073,284,324,276,288,2484,2500,4068,4072,2200,2176,3792,3784,-0.86,-0.64,0.86,0.64,40,12,16,4,-24,-8,0.21,-0.21,0.21
v1_076,460,496,276,288,2616,2652,4076,4076,2156,2156,3800,3788,0.21,0.11,0.21,0.11,36,12,36,0,0,-12,-0.11,-0.11,0.11
v1_077,240,124,340,340,2428,2460,4176,4176,2188,2336,3836,3836,-0.97,0.00,0.97,0.00,-116,0,32,0,148,0,0.97,-0.97,0.97
v1_078,416,456,324,320,2596,2628,4144,4144,2180,2172,3820,3824,0.53,0.64,0.53,0.64,40,-4,32,0,-8,4,0.11,0.11,0.11
v1_079,248,284,308,324,2432,2472,4112,4112,2184,2188,3804,3788,-0.64,-0.22,0.64,0.22,36,16,40,0,4,-16,0.42,-0.42,0.42
v1_080,412,448,244,244,2600,2628,4072,4076,2188,2180,3828,3832,0.96,0.96,0.96,0.96,36,0,28,4,-8,4,0.00,0.00,0.00
v1_081,220,260,332,336,2448,2484,4132,4132,2228,2224,3800,3796,-1.29,-1.40,1.29,1.40,40,4,36,0,-4,-4,-0.11,0.11,0.11
v1_082,412,452,268,272,2608,2660,4088,4092,2196,2208,3820,3820,0.00,0.00,0.00,0.00,40,4,52,4,12,0,0.00,0.00,0.00
v1_085,284,320,308,312,2452,2484,4136,4132,2168,2164,3828,3820,0.32,0.43,0.32,0.43,36,4,32,-4,-4,-8,0.11,0.11,0.11
v1_086,380,412,340,336,2560,2592,4172,4172,2180,2180,3832,3836,-0.64,-0.64,0.64,0.64,32,-4,32,0,0,4,-0.00,0.00,0.00
v1_087,276,316,316,324,2444,2496,4156,4152,2168,2180,3840,3828,0.32,0.32,0.32,0.32,40,8,52,-4,12,-12,-0.00,-0.00,0.00
v1_088,392,432,372,372,2568,2604,4200,4196,2176,2172,3828,3824,-0.97,-0.75,0.97,0.75,40,0,36,-4,-4,-4,0.21,-0.21,0.21
v1_091,224,264,364,372,2400,2440,4168,4168,2176,2176,3804,3796,0.00,0.35,0.00,0.35,40,8,40,0,0,-8,0.35,0.35,0.35
v1_092,456,500,304,308,2616,2660,4156,4160,2160,2160,3852,3852,-0.97,-0.76,0.97,0.76,44,4,44,4,0,0,0.21,-0.21,0.21
v1_093,252,288,388,392,2400,2440,4208,4212,2148,2152,3820,3820,0.21,0.11,0.21,0.11,36,4,40,4,4,0,-0.11,-0.11,0.11
v1_094,420,460,332,328,2584,2624,4164,4240,2164,2164,3832,3912,-0.64,-0.75,0.64,0.75,40,-4,40,76,0,80,-0.11,0.11,0.11
v1_097,232,268,368,388,2388,2428,4172,4168,2156,2160,3804,3780,-0.32,0.00,0.32,0.00,36,20,40,-4,4,-24,0.32,-0.32,0.32
v1_098,420,464,308,316,2608,2652,4160,4164,2188,2188,3852,3848,-0.64,-0.53,0.64,0.53,44,8,44,4,0,-4,0.11,-0.11,0.11
v1_099,228,280,304,324,2388,2440,4176,4180,2160,2160,3872,3856,0.43,0.00,0.43,0.00,52,20,52,4,0,-16,-0.43,-0.43,0.43
v1_100,416,468,340,336,2588,2636,4176,4160,2172,2168,3836,3824,-0.43,-0.43,0.43,0.43,52,-4,48,-16,-4,-12,-0.00,0.00,0.00
v1_101,240,288,272,268,2388,2436,4128,4128,2148,2148,3856,3860,0.00,0.24,0.00,0.24,48,-4,48,0,0,4,0.24,0.24,0.24
v1_104,420,468,440,440,2560,2604,4256,4264,2140,2136,3816,3824,0.00,0.00,0.00,0.00,48,0,44,8,-4,8,0.00,0.00,0.00
v1_105,28,304,352,344,2416,2460,4196,4136,2388,2156,3844,3792,0.00,-0.43,0.00,0.43,276,-8,44,-60,-232,-52,-0.43,0.43,0.43
v1_106,424,464,380,380,2572,2620,4200,4200,2148,2156,3820,3820,0.00,-0.43,0.00,0.43,40,0,48,0,8,0,-0.43,0.43,0.43
v1_107,248,292,360,364,2412,2452,4176,4176,2164,2160,3816,3812,0.00,-0.21,0.00,0.21,44,4,40,0,-4,-4,-0.21,0.21,0.21
v1_108,420,468,356,356,2580,2616,4172,4176,2160,2148,3816,3820,0.21,0.22,0.21,0.22,48,0,36,4,-12,4,0.00,0.00,0.00
v1_109,228,296,388,388,2420,2464,4204,4204,2192,2168,3816,3816,-0.53,-0.32,0.53,0.32,68,0,44,0,-24,0,0.21,-0.21,0.21
v1_110,392,440,372,388,2560,2592,4204,4208,2168,2152,3832,3820,0.54,0.00,0.54,0.00,48,16,32,4,-16,-12,-0.54,-0.54,0.54
v1_111,268,308,300,296,2416,2456,4116,4112,2148,2148,3816,3816,-1.01,-1.01,1.01,1.01,40,-4,40,-4,0,0,0.00,0.00,0.00
v1_112,416,452,276,272,2580,2616,4096,4100,2164,2164,3820,3828,0.11,0.21,0.11,0.21,36,-4,36,4,0,8,0.11,0.11,0.11
v1_115,272,316,304,300,2448,2488,4156,4156,2176,2172,3852,3856,-0.21,-0.32,0.21,0.32,44,-4,40,0,-4,4,-0.11,0.11,0.11
v1_116,380,428,304,308,2552,2588,4144,4192,2172,2160,3840,3884,-0.75,0.00,0.75,0.00,48,4,36,48,-12,44,0.75,-0.75,0.75
v1_117,284,324,288,280,2428,2472,4136,4136,2144,2148,3848,3856,0.22,0.32,0.22,0.32,40,-8,44,0,4,8,0.11,0.11,0.11
v1_118,412,456,292,300,2544,2588,4136,4136,2132,2132,3844,3836,-0.22,0.22,0.22,0.22,44,8,44,0,0,-8,0.43,0.00,0.00
v1_119,248,300,404,412,2420,2452,4236,4244,2172,2152,3832,3832,0.00,0.00,0.00,0.00,52,8,32,8,-20,0,0.00,0.00,0.00
v1_120,392,436,412,412,2556,2596,4244,4244,2164,2160,3832,3832,-0.54,-0.54,0.54,0.54,44,0,40,0,-4,0,-0.00,0.00,0.00
v1_123,260,304,388,380,2416,2448,4184,4188,2156,2144,3796,3808,0.00,0.21,0.00,0.21,44,-8,32,4,-12,12,0.21,0.21,0.21
v1_124,424,472,356,348,2592,2636,4184,4180,2168,2164,3828,3832,-0.32,-0.75,0.32,0.75,48,-8,44,-4,-4,4,-0.43,0.43,0.43
v1_125,260,304,440,436,2408,2456,4240,4244,2148,2152,3800,3808,-0.11,-0.21,0.11,0.21,44,-4,48,4,4,8,-0.11,0.11,0.11
v1_128,416,464,264,260,2564,2608,4104,4104,2148,2144,3840,3844,-0.32,-0.21,0.32,0.21,48,-4,44,0,-4,4,0.11,-0.11,0.11
v1_129,264,304,300,308,2408,2456,4144,4144,2144,2152,3844,3836,-0.11,-0.11,0.11,0.11,40,8,48,0,8,-8,-0.00,0.00,0.00
v1_130,428,468,304,292,2568,2616,4136,4136,2140,2148,3832,3844,0.00,0.11,0.00,0.11,40,-12,48,0,8,12,0.11,0.11,0.11
v1_131,228,276,320,320,2392,2444,4180,4184,2164,2168,3860,3864,0.21,0.21,0.21,0.21,48,0,52,4,4,4,-0.00,-0.00,0.00
v1_132,428,472,320,332,2596,2636,4192,4196,2168,2164,3872,3864,-0.54,-0.32,0.54,0.32,44,12,40,4,-4,-8,0.22,-0.22,0.22
v1_133,252,288,396,388,2416,2456,4228,4228,2164,2168,3832,3840,0.11,90.00,0.11,90.00,36,-8,40,0,4,8,89.89,89.89,89.89
v1_136,412,456,368,372,2556,2596,4192,4188,2144,2140,3824,3816,-0.11,0.00,0.11,0.00,44,4,40,-4,-4,-8,0.11,-0.11,0.11
v1_137,260,304,396,376,2416,2440,4244,4244,2156,2136,3848,3868,0.43,-0.43,0.43,0.43,44,-20,24,0,-20,20,-0.86,0.00,0.00
v1_138,412,456,416,424,2560,2592,4272,4268,2148,2136,3856,3844,-0.21,-0.11,0.21,0.11,44,8,32,-4,-12,-12,0.11,-0.11,0.11
v1_139,248,296,380,384,2416,2448,4188,4196,2168,2152,3808,3812,-0.22,-0.22,0.22,0.22,48,4,32,8,-16,4,-0.00,0.00,0.00
v1_140,404,440,368,368,2564,2604,4192,4192,2160,2164,3824,3824,0.00,-0.11,0.00,0.11,36,0,40,0,4,0,-0.11,0.11,0.11
v1_141,240,280,308,300,2428,2448,4136,4136,2188,2168,3828,3836,-0.11,-0.32,0.11,0.32,40,-8,20,0,-20,8,-0.22,0.22,0.22
v1_142,392,440,316,320,2560,2588,4144,4148,2168,2148,3828,3828,0.54,0.54,0.54,0.54,48,4,28,4,-20,0,0.00,0.00,0.00
v1_143,284,320,336,344,2444,2480,4160,4164,2160,2160,3824,3820,-0.22,0.00,0.22,0.00,36,8,36,4,0,-4,0.22,-0.22,0.22
v1_144,396,440,336,340,2584,2624,4164,4164,2188,2184,3828,3824,0.32,0.32,0.32,0.32,44,4,40,0,-4,-4,0.00,0.00,0.00
v1_145,256,296,244,248,2436,2480,4060,4064,2180,2184,3816,3816,-1.19,-1.18,1.19,1.18,40,4,44,4,4,0,0.00,-0.00,0.00
v1_146,368,408,244,244,2612,2640,4064,4068,2244,2232,3820,3824,0.98,0.43,0.98,0.43,40,0,28,4,-12,4,-0.54,-0.54,0.54
v1_147,244,300,252,288,2456,2476,4156,4156,2212,2176,3904,3868,0.96,0.43,0.96,0.43,56,36,20,0,-36,-36,-0.52,-0.52,0.52
v1_148,384,428,300,296,2576,2616,4164,4156,2192,2188,3864,3860,-0.85,-0.86,0.85,0.86,44,-4,40,-8,-4,-4,-0.00,0.00,0.00
v1_149,256,300,352,360,2448,2480,4204,4208,2192,2180,3852,3848,-0.21,0.00,0.21,0.00,44,8,32,4,-12,-4,0.21,-0.21,0.21
v1_150,412,452,352,352,2568,2604,4216,4196,2156,2152,3864,3844,-0.43,-0.11,0.43,0.11,40,0,36,-20,-4,-20,0.32,-0.32,0.32
v1_151,256,296,340,344,2440,2468,4164,4164,2184,2172,3824,3820,0.64,0.38,0.64,0.38,40,4,28,0,-12,-4,-0.25,-0.25,0.25
v1_152,380,424,320,312,2556,2592,4180,4180,2176,2168,3860,3868,-0.75,-0.75,0.75,0.75,44,-8,36,0,-8,8,-0.00,0.00,0.00
v1_155,252,292,416,416,2412,2440,4244,4248,2160,2148,3828,3832,-0.21,-0.21,0.21,0.21,40,0,28,4,-12,4,0.00,0.00,0.00
v1_156,424,468,404,404,2572,2604,4236,4236,2148,2136,3832,3832,0.00,0.00,0.00,0.00,44,0,32,0,-12,0,0.00,0.00,0.00
v1_157,240,276,348,356,2416,2440,4180,4180,2176,2164,3832,3824,0.00,-0.11,0.00,0.11,36,8,24,0,-12,-8,-0.11,0.11,0.11
v1_158,428,464,376,376,2636,2624,4180,4180,2208,2160,3804,3804,0.00,0.00,0.00,0.00,36,0,-12,0,-48,0,0.00,0.00,0.00
v1_159,216,264,368,392,2404,2448,4196,4196,2188,2184,3828,3804,-0.42,-0.11,0.42,0.11,48,24,44,0,-4,-24,0.31,-0.31,0.31
v1_160,424,472,380,388,2600,2644,4212,4216,2176,2172,3832,3828,0.21,0.00,0.21,0.00,48,8,44,4,-4,-4,-0.21,-0.21,0.21
v1_161,252,288,312,324,2412,2464,4128,4128,2160,2176,3816,3804,-0.43,0.00,0.43,0.00,36,12,52,0,16,-12,0.43,-0.43,0.43
v1_162,424,468,308,308,2584,2620,4156,4160,2160,2152,3848,3852,-0.11,-0.11,0.11,0.11,44,0,36,4,-8,4,-0.00,0.00,0.00
v1_163,268,300,388,384,2428,2456,4236,4240,2160,2156,3848,3856,0.00,0.00,0.00,0.00,32,-4,28,4,-4,8,0.00,0.00,0.00
v1_164,408,440,392,392,2576,2604,4204,4204,2168,2164,3812,3812,-0.21,-0.51,0.21,0.51,32,0,28,0,-4,0,-0.30,0.30,0.30
v1_165,252,308,364,352,2440,2468,4212,4208,2188,2160,3848,3856,0.21,0.87,0.21,0.87,56,-12,28,-4,-28,8,0.65,0.65,0.65
v1_166,432,444,336,292,2584,2616,4196,4200,2152,2172,3860,3908,-0.32,0.21,0.32,0.21,12,-44,32,4,20,48,0.54,-0.11,0.11
v1_167,252,292,404,400,2428,2460,4224,4228,2176,2168,3820,3828,0.00,0.11,0.00,0.11,40,-4,32,4,-8,8,0.11,0.11,0.11
v1_170,392,420,320,316,2564,2588,4156,4156,2172,2168,3836,3840,-0.43,-0.43,0.43,0.43,28,-4,24,0,-4,4,-0.00,0.00,0.00
v1_171,280,312,332,332,2440,2468,4156,4160,2160,2156,3824,3828,0.75,0.75,0.75,0.75,32,0,28,4,-4,4,0.00,0.00,0.00
v1_172,212,460,328,340,2576,2604,4164,4164,2364,2144,3836,3824,-0.64,-0.32,0.64,0.32,248,12,28,0,-220,-12,0.32,-0.32,0.32
v1_173,316,352,312,324,2512,2524,4128,4132,2196,2172,3816,3808,-0.64,-0.65,0.64,0.65,36,12,12,4,-24,-8,-0.01,0.01,0.01
v1_174,356,388,340,340,2500,2544,4164,4164,2144,2156,3824,3824,0.11,0.11,0.11,0.11,32,0,44,0,12,0,0.00,0.00,0.00
v1_175,296,332,364,364,2460,2512,4212,4212,2164,2180,3848,3848,0.76,0.97,0.76,0.97,36,0,52,0,16,0,0.21,0.21,0.21
v1_176,396,432,368,372,2544,2572,4228,4220,2148,2140,3860,3848,-0.54,-0.32,0.54,0.32,36,4,28,-8,-8,-12,0.21,-0.21,0.21
v1_177,292,324,340,332,2448,2464,4160,4156,2156,2140,3820,3824,-0.64,-0.65,0.64,0.65,32,-8,16,-4,-16,4,-0.00,0.00,0.00
v1_178,408,440,340,348,2552,2580,4156,4164,2144,2140,3816,3816,0.54,0.00,0.54,0.00,32,8,28,8,-4,0,-0.54,-0.54,0.54
v1_179,284,316,360,364,2436,2456,4200,4204,2152,2140,3840,3840,0.00,0.65,0.00,0.65,32,4,20,4,-12,0,0.65,0.65,0.65
v1_184,452,488,332,332,2612,2656,4168,4168,2160,2168,3836,3836,-0.54,-0.43,0.54,0.43,36,0,44,0,8,0,0.11,-0.11,0.11
v1_185,288,320,328,332,2440,2468,4132,4132,2152,2148,3804,3800,0.11,0.11,0.11,0.11,32,4,28,0,-4,-4,0.00,0.00,0.00
v1_186,428,452,320,332,2576,2600,4156,4156,2148,2148,3836,3824,0.32,0.11,0.32,0.11,24,12,24,0,0,-12,-0.21,-0.21,0.21
v1_187,244,272,304,292,2396,2432,4108,4112,2152,2160,3804,3820,-0.11,-0.21,0.11,0.21,28,-12,36,4,8,16,-0.11,0.11,0.11
v1_190,412,440,372,372,2568,2596,4192,4196,2156,2156,3820,3824,0.32,0.32,0.32,0.32,28,0,28,4,0,4,0.00,0.00,0.00
v1_191,100,308,336,336,2420,2448,4152,4156,2320,2140,3816,3820,0.00,0.11,0.00,0.11,208,0,28,4,-180,4,0.11,0.11,0.11
v1_192,440,472,332,324,2584,2620,4156,4160,2144,2148,3824,3836,0.11,0.43,0.11,0.43,32,-8,36,4,4,12,0.32,0.32,0.32
v1_193,248,284,388,392,2404,2428,4208,4208,2156,2144,3820,3816,0.22,0.43,0.22,0.43,36,4,24,0,-12,-4,0.22,0.22,0.22
v1_194,436,472,392,396,2572,2612,4208,4208,2136,2140,3816,3812,0.00,0.00,0.00,0.00,36,4,40,0,4,-4,0.00,0.00,0.00
v1_195,248,280,332,332,2420,2444,4188,4192,2172,2164,3856,3860,0.11,0.11,0.11,0.11,32,0,24,4,-8,4,0.00,0.00,0.00
v1_196,424,456,320,320,2584,2608,4172,4176,2160,2152,3852,3856,-0.34,-0.43,0.34,0.43,32,0,24,4,-8,4,-0.09,0.09,0.09
v1_197,248,288,364,368,2428,2452,4208,4212,2180,2164,3844,3844,0.75,0.75,0.75,0.75,40,4,24,4,-16,0,0.00,0.00,0.00
v1_198,428,460,364,364,2612,2620,4212,4216,2184,2160,3848,3852,0.00,-0.43,0.00,0.43,32,0,8,4,-24,4,-0.43,0.43,0.43
v1_199,268,292,344,348,2416,2456,4180,4184,2148,2164,3836,3836,0.32,0.32,0.32,0.32,24,4,40,4,16,0,-0.00,-0.00,0.00
v1_201,292,320,404,408,2452,2476,4192,4192,2160,2156,3788,3784,1.88,0.00,1.88,0.00,28,4,24,0,-4,-4,-1.88,-1.88,1.88
v1_202,412,444,376,376,2560,2584,4188,4180,2148,2140,3812,3804,-0.75,-0.43,0.75,0.43,32,0,24,-8,-8,-8,0.32,-0.32,0.32
v1_203,252,288,364,364,2396,2420,4160,4160,2144,2132,3796,3796,0.11,-0.11,0.11,0.11,36,0,24,0,-12,0,-0.22,0.00,0.00
v1_204,444,484,372,392,2600,2628,4176,4176,2156,2144,3804,3784,-0.19,0.00,0.19,0.00,40,20,28,0,-12,-20,0.19,-0.19,0.19
v1_205,268,304,336,336,2428,2448,4172,4176,2160,2144,3836,3840,0.21,0.32,0.21,0.32,36,0,20,4,-16,4,0.11,0.11,0.11
v1_206,432,460,332,304,2568,2596,4148,4148,2136,2136,3816,3844,-0.54,-1.41,0.54,1.41,28,-28,28,0,0,28,-0.86,0.86,0.86
v1_207,276,300,344,336,2432,2468,4144,4144,2156,2168,3800,3808,-0.21,0.00,0.21,0.00,24,-8,36,0,12,8,0.21,-0.21,0.21
v1_208,424,452,336,348,2568,2604,4156,4160,2144,2152,3820,3812,0.21,0.11,0.21,0.11,28,12,36,4,8,-8,-0.11,-0.11,0.11
v1_209,248,288,308,312,2416,2424,4128,4128,2168,2136,3820,3816,-0.21,-0.11,0.21,0.11,40,4,8,0,-32,-4,0.11,-0.11,0.11
v1_210,420,456,316,312,2580,2616,4140,4144,2160,2160,3824,3832,0.11,0.11,0.11,0.11,36,-4,36,4,0,8,0.00,0.00,0.00
v1_211,312,340,316,316,2472,2484,4184,4188,2160,2144,3868,3872,0.00,0.00,0.00,0.00,28,0,12,4,-16,4,0.00,0.00,0.00
v1_212,376,408,324,316,2544,2548,4192,4160,2168,2140,3868,3844,-0.11,-0.22,0.11,0.22,32,-8,4,-32,-28,-24,-0.11,0.11,0.11
v1_213,304,336,332,340,2448,2480,4176,4176,2144,2144,3844,3836,-0.43,-0.11,0.43,0.11,32,8,32,0,0,-8,0.32,-0.32,0.32
v1_214,400,436,340,340,2560,2580,4180,4172,2160,2144,3840,3832,-0.32,-0.21,0.32,0.21,36,0,20,-8,-16,-8,0.11,-0.11,0.11
v1_215,296,336,340,340,2448,2476,4156,4156,2152,2140,3816,3816,0.11,0.11,0.11,0.11,40,0,28,0,-12,0,0.00,0.00,0.00
v1_216,408,440,348,352,2556,2584,4164,4164,2148,2144,3816,3812,0.00,0.00,0.00,0.00,32,4,28,0,-4,-4,0.00,0.00,0.00
v1_217,320,356,376,376,2472,2500,4184,4184,2152,2144,3808,3808,0.11,0.11,0.11,0.11,36,0,28,0,-8,0,0.00,0.00,0.00
v1_218,384,428,380,372,2544,2564,4184,4188,2160,2136,3804,3816,0.00,0.00,0.00,0.00,44,-8,20,4,-24,12,0.00,0.00,0.00
v1_219,36,304,360,364,2428,2452,4176,4180,2392,2148,3816,3816,0.00,180.00,0.00,180.00,268,4,24,4,-244,0,180.00,180.00,180.00
v1_220,432,472,368,360,2592,2620,4184,4188,2160,2148,3816,3828,0.32,0.32,0.32,0.32,40,-8,28,4,-12,12,0.00,0.00,0.00
v1_221,272,312,352,344,2444,2464,4160,4164,2172,2152,3808,3820,0.00,0.22,0.00,0.22,40,-8,20,4,-20,12,0.22,0.22,0.22
v1_222,424,456,336,340,2576,2600,4148,4152,2152,2144,3812,3812,-0.11,0.00,0.11,0.00,32,4,24,4,-8,0,0.11,-0.11,0.11
v1_223,288,324,364,368,2448,2468,4172,4176,2160,2144,3808,3808,-0.11,-0.11,0.11,0.11,36,4,20,4,-16,0,0.00,0.00,0.00
v1_224,408,452,356,368,2580,2608,4164,4164,2172,2156,3808,3796,0.21,0.00,0.21,0.00,44,12,28,0,-16,-12,-0.21,-0.21,0.21
v1_225,256,300,332,332,2416,2436,4176,4176,2160,2136,3844,3844,0.11,0.22,0.11,0.22,44,0,20,0,-24,0,0.11,0.11,0.11
v1_226,416,460,328,324,2584,2600,4176,4176,2168,2140,3848,3852,-0.22,0.00,0.22,0.00,44,-4,16,0,-28,4,0.22,-0.22,0.22
v1_227,304,340,380,384,2452,2480,4232,4236,2148,2140,3852,3852,-0.11,0.00,0.11,0.00,36,4,28,4,-8,0,0.11,-0.11,0.11
v1_228,376,404,372,372,2524,2560,4204,4204,2148,2156,3832,3832,0.11,0.21,0.11,0.21,28,0,36,0,8,0,0.11,0.11,0.11
v1_229,336,364,336,336,2500,2528,4192,4192,2164,2164,3856,3856,0.32,0.43,0.32,0.43,28,0,28,0,0,0,0.11,0.11,0.11
v1_230,380,408,324,324,2524,2556,4196,4168,2144,2148,3872,3844,-0.32,-0.21,0.32,0.21,28,0,32,-28,4,-28,0.11,-0.11,0.11
v1_231,300,336,404,404,2480,2500,4232,4232,2180,2164,3828,3828,0.11,0.21,0.11,0.21,36,0,20,0,-16,0,0.11,0.11,0.11
v1_232,356,388,376,376,2496,2528,4224,4224,2140,2140,3848,3848,0.00,-0.11,0.00,0.11,32,0,32,0,0,0,-0.11,0.11,0.11
v1_233,328,356,320,324,2480,2500,4148,4148,2152,2144,3828,3824,0.43,0.32,0.43,0.32,28,4,20,0,-8,-4,-0.11,-0.11,0.11
v1_234,388,408,324,320,2540,2564,4196,4196,2152,2156,3872,3876,-0.43,-0.76,0.43,0.76,20,-4,24,0,4,4,-0.33,0.33,0.33
v1_235,268,300,288,292,2420,2452,4112,4116,2152,2152,3824,3824,-0.21,0.00,0.21,0.00,32,4,32,4,0,0,0.21,-0.21,0.21
v1_236,456,484,304,304,2596,2624,4156,4156,2140,2140,3852,3852,-0.11,-0.11,0.11,0.11,28,0,28,0,0,0,-0.00,0.00,0.00
v1_237,260,284,360,384,2416,2424,4228,4224,2156,2140,3868,3840,-0.32,2.05,0.32,2.05,24,24,8,-4,-16,-28,2.37,1.73,1.73
v1_238,436,456,372,368,2592,2620,4216,4220,2156,2164,3844,3852,0.21,0.43,0.21,0.43,20,-4,28,4,8,8,0.21,0.21,0.21
v1_239,240,280,332,340,2420,2440,4176,4180,2180,2160,3844,3840,0.75,0.54,0.75,0.54,40,8,20,4,-20,-4,-0.21,-0.21,0.21
v1_240,484,508,352,352,2624,2648,4168,4168,2140,2140,3816,3816,0.00,0.00,0.00,0.00,24,0,24,0,0,0,0.00,0.00,0.00
v1_241,252,280,400,404,2420,2424,4228,4228,2168,2144,3828,3824,-0.11,-0.11,0.11,0.11,28,4,4,0,-24,-4,-0.00,0.00,0.00
v1_242,452,480,420,396,2608,2628,4224,4228,2156,2148,3804,3832,0.00,0.00,0.00,0.00,28,-24,20,4,-8,28,0.00,0.00,0.00
v1_243,328,352,408,408,2488,2504,4252,4252,2160,2152,3844,3844,0.21,0.11,0.21,0.11,24,0,16,0,-8,0,-0.11,-0.11,0.11
v1_244,364,392,388,388,2524,2556,4220,4220,2160,2164,3832,3832,0.21,0.53,0.21,0.53,28,0,32,0,4,0,0.32,0.32,0.32
v1_245,340,380,332,336,2512,2532,4172,4176,2172,2152,3840,3840,-0.22,-0.11,0.22,0.11,40,4,20,4,-20,0,0.11,-0.11,0.11
v1_246,344,392,308,320,2548,2564,4140,4140,2204,2172,3832,3820,0.65,0.43,0.65,0.43,48,12,16,0,-32,-12,-0.22,-0.22,0.22
v1_247,300,328,496,404,2460,2488,4212,4216,2160,2160,3716,3812,0.00,0.00,0.00,0.00,28,-92,28,4,0,96,0.00,0.00,0.00
v1_248,376,408,372,372,2548,2544,4204,4204,2172,2136,3832,3832,-0.22,0.00,0.22,0.00,32,0,-4,0,-36,0,0.22,-0.22,0.22
v1_249,308,336,316,308,2460,2484,4148,4152,2152,2148,3832,3844,0.00,0.11,0.00,0.11,28,-8,24,4,-4,12,0.11,0.11,0.11
v1_250,396,428,280,284,2544,2572,4148,4148,2148,2144,3868,3864,-0.32,-0.22,0.32,0.22,32,4,28,0,-4,-4,0.11,-0.11,0.11
v1_251,240,268,324,324,2396,2420,4144,4144,2156,2152,3820,3820,-0.11,-0.11,0.11,0.11,28,0,24,0,-4,0,-0.00,0.00,0.00
v1_252,484,508,308,312,2620,2644,4184,4180,2136,2136,3876,3868,0.00,0.00,0.00,0.00,24,4,24,-4,0,-8,0.00,0.00,0.00
v1_253,204,232,384,388,2392,2380,4196,4200,2188,2148,3812,3812,-0.11,-0.11,0.11,0.11,28,4,-12,4,-40,0,-0.00,0.00,0.00
v1_254,464,488,376,376,2644,2648,4208,4212,2180,2160,3832,3836,0.11,0.32,0.11,0.32,24,0,4,4,-20,4,0.21,0.21,0.21
v1_255,212,252,328,328,2376,2392,4156,4156,2164,2140,3828,3828,0.11,0.11,0.11,0.11,40,0,16,0,-24,0,0.00,0.00,0.00
v1_256,512,536,328,332,2660,2680,4144,4144,2148,2144,3816,3812,0.21,0.21,0.21,0.21,24,4,20,0,-4,-4,0.00,0.00,0.00
v1_257,216,240,368,352,2376,2404,4212,4216,2160,2164,3844,3864,0.32,0.43,0.32,0.43,24,-16,28,4,4,20,0.11,0.11,0.11
v1_258,468,504,364,384,2620,2636,4212,4216,2152,2132,3848,3832,-0.21,0.00,0.21,0.00,36,20,16,4,-20,-16,0.21,-0.21,0.21
v1_259,320,344,348,352,2476,2504,4196,4200,2156,2160,3848,3848,-0.11,0.00,0.11,0.00,24,4,28,4,4,0,0.11,-0.11,0.11
v1_260,372,412,340,340,2552,2564,4160,4172,2180,2152,3820,3832,0.21,0.00,0.21,0.00,40,0,12,12,-28,12,-0.21,-0.21,0.21
v1_261,304,336,364,368,2452,2480,4208,4208,2148,2144,3844,3840,-0.11,0.11,0.11,0.11,32,4,28,0,-4,-4,0.22,0.00,0.00
v1_262,388,420,352,352,2552,2572,4156,4160,2164,2152,3804,3808,0.00,0.00,0.00,0.00,32,0,20,4,-12,4,0.00,0.00,0.00
v1_263,284,316,360,360,2440,2464,4204,4208,2156,2148,3844,3848,0.21,0.21,0.21,0.21,32,0,24,4,-8,4,0.00,0.00,0.00
v1_264,408,432,360,360,2544,2568,4204,4204,2136,2136,3844,3844,-0.22,-0.22,0.22,0.22,24,0,24,0,0,0,0.00,-0.00,0.00
v1_265,344,368,360,360,2496,2524,4192,4196,2152,2156,3832,3836,-0.32,-0.32,0.32,0.32,24,0,28,4,4,4,0.00,0.00,0.00
v1_266,356,388,364,360,2504,2532,4192,4184,2148,2144,3828,3824,-0.21,-0.21,0.21,0.21,32,-4,28,-8,-4,-4,0.00,0.00,0.00
v1_267,248,276,340,340,2412,2436,4148,4148,2164,2160,3808,3808,-0.32,-0.32,0.32,0.32,28,0,24,0,-4,0,-0.00,0.00,0.00
v1_268,452,476,372,376,2612,2632,4200,4196,2160,2156,3828,3820,0.00,0.00,0.00,0.00,24,4,20,-4,-4,-8,0.00,0.00,0.00
v1_269,292,324,272,284,2484,2500,4092,4096,2192,2176,3820,3812,0.52,0.26,0.52,0.26,32,12,16,4,-16,-8,-0.26,-0.26,0.26
v1_270,368,396,268,268,2552,2572,4104,4108,2184,2176,3836,3840,0.75,0.64,0.75,0.64,28,0,20,4,-8,4,-0.11,-0.11,0.11
v1_271,296,320,384,388,2436,2460,4196,4196,2140,2140,3812,3808,0.11,0.22,0.11,0.22,24,4,24,0,0,-4,0.11,0.11,0.11
v1_272,416,436,392,396,2572,2600,4220,4220,2156,2164,3828,3824,0.11,0.00,0.11,0.00,20,4,28,0,8,-4,-0.11,-0.11,0.11
v1_273,252,260,256,260,2436,2468,4096,4100,2184,2208,3840,3840,-0.97,-0.96,0.97,0.96,8,4,32,4,24,0,0.01,-0.01,0.01
v1_274,428,456,336,332,2624,2640,4136,4144,2196,2184,3800,3812,0.32,0.43,0.32,0.43,28,-4,16,8,-12,12,0.11,0.11,0.11
v1_275,336,364,344,340,2472,2504,4196,4196,2136,2140,3852,3856,-0.11,-0.11,0.11,0.11,28,-4,32,0,4,4,-0.00,0.00,0.00
v1_276,392,420,308,312,2548,2572,4132,4140,2156,2152,3824,3828,0.00,0.00,0.00,0.00,28,4,24,8,-4,4,0.00,0.00,0.00
v1_277,284,324,360,372,2472,2500,4240,4240,2188,2176,3880,3868,-0.43,-0.43,0.43,0.43,40,12,28,0,-12,-12,-0.00,0.00,0.00
v1_278,400,432,368,372,2568,2592,4176,4176,2168,2160,3808,3804,0.43,0.43,0.43,0.43,32,4,24,0,-8,-4,0.00,0.00,0.00
v1_279,260,292,304,308,2428,2456,4144,4144,2168,2164,3840,3836,0.32,0.32,0.32,0.32,32,4,28,0,-4,-4,0.00,0.00,0.00
v1_280,428,460,288,304,2588,2620,4144,4144,2160,2160,3856,3840,0.43,180.00,0.43,180.00,32,16,32,0,0,-16,179.57,179.57,179.57
v1_281,332,356,372,372,2480,2500,4216,4216,2148,2144,3844,3844,0.00,0.00,0.00,0.00,24,0,20,0,-4,0,0.00,0.00,0.00
v1_282,392,416,332,332,2548,2576,4168,4172,2156,2160,3836,3840,-0.54,-0.43,0.54,0.43,24,0,28,4,4,4,0.11,-0.11,0.11
v1_283,208,260,376,376,2380,2396,4184,4184,2172,2136,3808,3808,0.00,-0.11,0.00,0.11,52,0,16,0,-36,0,-0.11,0.11,0.11
v1_284,488,520,360,368,2640,2680,4196,4196,2152,2160,3836,3828,0.24,0.00,0.24,0.00,32,8,40,0,8,-8,-0.24,-0.24,0.24
v1_285,260,272,344,340,2420,2444,4160,4156,2160,2172,3816,3816,-0.54,-0.64,0.54,0.64,12,-4,24,-4,12,0,-0.10,0.10,0.10
v1_286,420,448,344,344,2580,2608,4168,4168,2160,2160,3824,3824,0.22,0.43,0.22,0.43,28,0,28,0,0,0,0.22,0.22,0.22
v1_287,252,276,360,360,2400,2424,4184,4192,2148,2148,3824,3832,0.21,0.22,0.21,0.22,24,0,24,8,0,8,0.00,0.00,0.00
v1_288,464,492,368,372,2604,2636,4184,4188,2140,2144,3816,3816,-0.11,0.00,0.11,0.00,28,4,32,4,4,0,0.11,-0.11,0.11
v1_289,224,252,348,348,2392,2416,4164,4168,2168,2164,3816,3820,0.21,0.21,0.21,0.21,28,0,24,4,-4,4,0.00,0.00,0.00
v1_290,464,504,344,344,2628,2672,4156,4160,2164,2168,3812,3816,0.00,0.00,0.00,0.00,40,0,44,4,4,4,0.00,0.00,0.00
v1_291,236,272,312,304,2404,2424,4168,4172,2168,2152,3856,3868,-0.11,0.32,0.11,0.32,36,-8,20,4,-16,12,0.43,0.22,0.22
v1_292,420,448,316,312,2604,2620,4176,4140,2184,2172,3860,3828,0.64,0.64,0.64,0.64,28,-4,16,-36,-12,-32,-0.00,-0.00,0.00
v1_293,244,304,392,384,2436,2452,4232,4232,2192,2148,3840,3848,0.32,0.21,0.32,0.21,60,-8,16,0,-44,8,-0.10,-0.10,0.10
v1_294,360,472,384,392,2600,2624,4240,4224,2240,2152,3856,3832,-0.10,0.00,0.10,0.00,112,8,24,-16,-88,-24,0.10,-0.10,0.10
v1_295,280,308,340,340,2432,2464,4172,4176,2152,2156,3832,3836,0.11,0.00,0.11,0.00,28,0,32,4,4,4,-0.11,-0.11,0.11
v1_296,420,452,352,352,2568,2596,4168,4172,2148,2144,3816,3820,0.11,0.11,0.11,0.11,32,0,28,4,-4,4,0.00,0.00,0.00
v1_297,192,220,380,376,2424,2444,4212,4212,2232,2224,3832,3836,0.00,0.00,0.00,0.00,28,-4,20,0,-8,4,0.00,0.00,0.00
v1_298,432,472,376,384,2660,2688,4228,4232,2228,2216,3852,3848,-0.43,-0.11,0.43,0.11,40,8,28,4,-12,-4,0.32,-0.32,0.32
v1_299,248,300,332,332,2444,2468,4156,4160,2196,2168,3824,3828,-0.43,-0.32,0.43,0.32,52,0,24,4,-28,4,0.10,-0.10,0.10
v1_300,420,448,344,336,2600,2628,4160,4160,2180,2180,3816,3824,0.90,1.22,0.90,1.22,28,-8,28,0,0,8,0.32,0.32,0.32
v1_301,236,260,288,296,2436,2440,4116,4120,2200,2180,3828,3824,0.00,-0.64,0.00,0.64,24,8,4,4,-20,-4,-0.64,0.64,0.64
v1_302,424,452,336,336,2604,2604,4152,4152,2180,2152,3816,3816,0.00,0.00,0.00,0.00,28,0,0,0,-28,0,0.00,0.00,0.00
v1_303,252,280,336,344,2420,2448,4164,4160,2168,2168,3828,3816,-0.21,-0.32,0.21,0.32,28,8,28,-4,0,-12,-0.11,0.11,0.11
v1_304,444,472,336,344,2620,2652,4156,4160,2176,2180,3820,3816,0.64,0.75,0.64,0.75,28,8,32,4,4,-4,0.11,0.11,0.11
v1_305,240,264,288,292,2408,2436,4116,4112,2168,2172,3828,3820,-1.19,-0.65,1.19,0.65,24,4,28,-4,4,-8,0.54,-0.54,0.54
v1_306,412,436,300,300,2608,2616,4104,4104,2196,2180,3804,3804,0.32,0.53,0.32,0.53,24,0,8,0,-16,0,0.22,0.22,0.22
v1_307,288,316,328,328,2472,2468,4156,4160,2184,2152,3828,3832,0.43,0.32,0.43,0.32,28,0,-4,4,-32,4,-0.11,-0.11,0.11
v1_308,356,388,340,340,2560,2544,4168,4164,2204,2156,3828,3824,-0.64,-1.29,0.64,1.29,32,0,-16,-4,-48,-4,-0.65,0.65,0.65
v1_309,320,352,372,368,2468,2496,4208,4208,2148,2144,3836,3840,0.00,0.00,0.00,0.00,32,-4,28,0,-4,4,0.00,0.00,0.00
v1_310,384,428,364,364,2552,2580,4208,4208,2168,2152,3844,3844,-0.21,-0.21,0.21,0.21,44,0,28,0,-16,0,-0.00,0.00,0.00
v1_311,304,332,336,340,2468,2488,4196,4196,2164,2156,3860,3856,0.32,0.21,0.32,0.21,28,4,20,0,-8,-4,-0.11,-0.11,0.11
v1_312,380,408,324,316,2552,2568,4172,4172,2172,2160,3848,3856,-0.43,-0.43,0.43,0.43,28,-8,16,0,-12,8,-0.00,0.00,0.00
v1_313,280,312,336,340,2468,2496,4164,4164,2188,2184,3828,3824,0.22,0.22,0.22,0.22,32,4,28,0,-4,-4,0.00,0.00,0.00
v1_314,412,436,348,348,2584,2612,4220,4220,2172,2176,3872,3872,-0.64,-0.54,0.64,0.54,24,0,28,0,4,0,0.11,-0.11,0.11
v1_315,288,316,368,376,2444,2472,4184,4184,2156,2156,3816,3808,-0.21,-0.43,0.21,0.43,28,8,28,0,0,-8,-0.22,0.22,0.22
v1_316,416,448,344,348,2584,2612,4176,4176,2168,2164,3832,3828,0.86,0.97,0.86,0.97,32,4,28,0,-4,-4,0.11,0.11,0.11
v1_317,264,292,352,352,2412,2440,4192,4196,2148,2148,3840,3844,0.21,0.22,0.21,0.22,28,0,28,4,0,4,0.00,0.00,0.00
v1_318,444,468,336,344,2596,2620,4188,4184,2152,2152,3852,3840,-0.11,-0.21,0.11,0.21,24,8,24,-4,0,-12,-0.11,0.11,0.11
v1_319,272,312,388,392,2440,2460,4208,4208,2168,2148,3820,3816,-0.11,-0.11,0.11,0.11,40,4,20,0,-20,-4,-0.00,0.00,0.00
v1_320,448,468,384,388,2596,2624,4188,4192,2148,2156,3804,3804,0.21,0.32,0.21,0.32,20,4,28,4,8,0,0.11,0.11,0.11
v1_321,228,256,356,352,2440,2468,4176,4176,2212,2212,3820,3824,0.53,0.63,0.53,0.63,28,-4,28,0,0,4,0.11,0.11,0.11
v1_322,408,448,336,336,2608,2588,4160,4164,2200,2140,3824,3828,-0.42,-0.43,0.42,0.43,40,0,-20,4,-60,4,-0.01,0.01,0.01
v1_323,260,304,312,312,2428,2448,4184,4188,2168,2144,3872,3876,-0.53,-0.54,0.53,0.54,44,0,20,4,-24,4,-0.00,0.00,0.00
v1_324,444,468,308,312,2604,2628,4188,4132,2160,2160,3880,3820,0.32,0.32,0.32,0.32,24,4,24,-56,0,-60,0.00,0.00,0.00
v1_325,256,288,388,392,2408,2432,4208,4212,2152,2144,3820,3820,0.32,0.11,0.32,0.11,32,4,24,4,-8,0,-0.22,-0.22,0.22
v1_326,416,444,376,376,2568,2596,4200,4200,2152,2152,3824,3824,0.00,0.00,0.00,0.00,28,0,28,0,0,0,0.00,0.00,0.00
v1_327,264,296,332,336,2424,2452,4140,4144,2160,2156,3808,3808,-0.54,-0.43,0.54,0.43,32,4,28,4,-4,0,0.11,-0.11,0.11
v1_328,404,428,340,340,2580,2604,4144,4148,2176,2176,3804,3808,0.64,0.64,0.64,0.64,24,0,24,4,0,4,0.00,0.00,0.00
v1_329,264,296,396,400,2420,2440,4200,4208,2156,2144,3804,3808,-0.21,-0.11,0.21,0.11,32,4,20,8,-12,4,0.11,-0.11,0.11
v1_330,412,440,392,392,2576,2604,4196,4196,2164,2164,3804,3804,0.32,0.32,0.32,0.32,28,0,28,0,0,0,0.00,0.00,0.00
v1_331,248,272,344,340,2432,2452,4156,4156,2184,2180,3812,3816,0.00,-0.76,0.00,0.76,24,-4,20,0,-4,4,-0.76,0.76,0.76
v1_332,404,432,360,348,2588,2616,4160,4160,2184,2184,3800,3812,0.43,0.32,0.43,0.32,28,-12,28,0,0,12,-0.11,-0.11,0.11
v1_333,260,288,340,328,2448,2456,4144,4144,2188,2168,3804,3816,-0.54,0.00,0.54,0.00,28,-12,8,0,-20,12,0.54,-0.54,0.54
v1_334,404,432,332,336,2656,2684,4128,4128,2252,2252,3796,3792,0.75,0.84,0.75,0.84,28,4,28,0,0,-4,0.09,0.09,0.09
v1_335,256,288,320,320,2436,2452,4132,4136,2180,2164,3812,3816,-0.22,-0.43,0.22,0.43,32,0,16,4,-16,4,-0.22,0.22,0.22
v1_336,408,432,320,320,2596,2616,4144,4144,2188,2184,3824,3824,0.75,0.75,0.75,0.75,24,0,20,0,-4,0,0.00,0.00,0.00
v1_337,272,304,296,292,2456,2476,4124,4124,2184,2172,3828,3832,-0.75,-0.76,0.75,0.76,32,-4,20,0,-12,4,-0.00,0.00,0.00
v1_338,428,452,312,312,2608,2636,4152,4152,2180,2184,3840,3840,0.75,0.86,0.75,0.86,24,0,28,0,4,0,0.11,0.11,0.11
v1_339,304,328,340,340,2472,2500,4176,4180,2168,2172,3836,3840,0.24,0.00,0.24,0.00,24,0,28,4,4,4,-0.24,-0.24,0.24
v1_340,416,448,328,332,2576,2592,4160,4160,2160,2144,3832,3828,-0.64,-0.43,0.64,0.43,32,4,16,0,-16,-4,0.21,-0.21,0.21
v1_341,240,280,372,372,2460,2476,4220,4224,2220,2196,3848,3852,0.52,0.00,0.52,0.00,40,0,16,4,-24,4,-0.52,-0.52,0.52
v1_342,392,416,372,376,2556,2580,4224,4220,2164,2164,3852,3844,-0.43,0.00,0.43,0.00,24,4,24,-4,0,-8,0.43,-0.43,0.43
v1_343,272,300,360,356,2456,2480,4192,4200,2184,2180,3832,3844,0.21,0.32,0.21,0.32,28,-4,24,8,-4,12,0.11,0.11,0.11
v1_344,416,436,368,360,2564,2584,4204,4208,2148,2148,3836,3848,-0.32,-0.32,0.32,0.32,20,-8,20,4,0,12,0.00,-0.00,0.00
v1_345,264,296,384,392,2444,2472,4224,4220,2180,2176,3840,3828,0.53,0.32,0.53,0.32,32,8,28,-4,-4,-12,-0.21,-0.21,0.21
v1_346,404,432,388,376,2580,2608,4232,4232,2176,2176,3844,3856,-1.35,0.00,1.35,0.00,28,-12,28,0,0,12,1.35,-1.35,1.35
v1_347,276,304,400,408,2412,2436,4220,4224,2136,2132,3820,3816,1.17,-0.49,1.17,0.49,28,8,24,4,-4,-4,-1.66,-0.68,0.68
v1_348,428,460,400,404,2588,2592,4228,4232,2160,2132,3828,3828,-2.94,0.11,2.94,0.11,32,4,4,4,-28,0,3.04,-2.83,2.83
v1_349,252,280,380,380,2412,2432,4200,4200,2160,2152,3820,3820,0.32,0.21,0.32,0.21,28,0,20,0,-8,0,-0.11,-0.11,0.11
v1_350,432,460,364,364,2592,2616,4196,4192,2160,2156,3832,3828,-0.32,0.00,0.32,0.00,28,0,24,-4,-4,-4,0.32,-0.32,0.32
v1_351,256,280,400,400,2400,2420,4200,4200,2144,2140,3800,3800,0.00,0.00,0.00,0.00,24,0,20,0,-4,0,0.00,0.00,0.00
v1_352,416,448,388,392,2604,2612,4216,4220,2188,2164,3828,3828,0.21,0.00,0.21,0.00,32,4,8,4,-24,0,-0.21,-0.21,0.21
v1_353,264,292,336,340,2428,2460,4180,4180,2164,2168,3844,3840,0.64,0.21,0.64,0.21,28,4,32,0,4,-4,-0.43,-0.43,0.43
v1_354,452,476,340,336,2592,2620,4188,4192,2140,2144,3848,3856,0.00,0.00,0.00,0.00,24,-4,28,4,4,8,0.00,0.00,0.00
v1_355,252,300,384,380,2448,2460,4276,4276,2196,2160,3892,3896,-1.08,-1.29,1.08,1.29,48,-4,12,0,-36,4,-0.22,0.22,0.22
v1_356,416,428,384,388,2588,2632,4204,4204,2172,2204,3820,3816,0.75,-90.00,0.75,90.00,12,4,44,0,32,-4,-90.75,89.25,89.25
v1_357,260,296,292,292,2440,2468,4132,4132,2180,2172,3840,3840,0.22,0.22,0.22,0.22,36,0,28,0,-8,0,0.00,0.00,0.00
v1_358,428,460,292,296,2580,2596,4116,4116,2152,2136,3824,3820,0.21,0.11,0.21,0.11,32,4,16,0,-16,-4,-0.11,-0.11,0.11
v1_359,284,312,404,416,2436,2464,4236,4240,2152,2152,3832,3824,-0.21,-0.21,0.21,0.21,28,12,28,4,0,-8,0.00,-0.00,0.00
v1_360,436,464,408,408,2584,2604,4252,4256,2148,2140,3844,3848,0.22,0.22,0.22,0.22,28,0,20,4,-8,4,0.00,0.00,0.00
v1_361,288,320,292,292,2444,2468,4108,4112,2156,2148,3816,3820,-0.11,-0.11,0.11,0.11,32,0,24,4,-8,4,-0.00,0.00,0.00
v1_362,404,428,284,292,2564,2588,4116,4116,2160,2160,3832,3824,0.11,0.00,0.11,0.00,24,8,24,0,0,-8,-0.11,-0.11,0.11
v1_363,268,296,260,264,2420,2456,4068,4072,2152,2160,3808,3808,-0.65,-0.54,0.65,0.54,28,4,36,4,8,0,0.11,-0.11,0.11
v1_364,420,444,280,296,2596,2616,4112,4112,2176,2172,3832,3816,0.32,0.00,0.32,0.00,24,16,20,0,-4,-16,-0.32,-0.32,0.32
v1_366,404,440,360,364,2584,2608,4200,4200,2180,2168,3840,3836,0.86,0.75,0.86,0.75,36,4,24,0,-12,-4,-0.11,-0.11,0.11
v1_367,292,316,296,292,2464,2472,4112,4120,2172,2156,3816,3828,-0.11,0.32,0.11,0.32,24,-4,8,8,-16,12,0.43,0.22,0.22
v1_368,384,412,296,292,2544,2572,4128,4136,2160,2160,3832,3844,0.32,0.00,0.32,0.00,28,-4,28,8,0,12,-0.32,-0.32,0.32
v1_374,448,460,308,292,2612,2648,4124,4128,2164,2188,3816,3836,0.21,0.42,0.21,0.42,12,-16,36,4,24,20,0.21,0.21,0.21
v1_375,248,280,396,400,2420,2448,4228,4232,2172,2168,3832,3832,0.32,0.43,0.32,0.43,32,4,28,4,-4,0,0.11,0.11,0.11
v1_376,472,500,396,392,2620,2648,4240,4240,2148,2148,3844,3848,0.22,0.22,0.22,0.22,28,-4,28,0,0,4,0.00,0.00,0.00
v1_377,260,288,312,300,2412,2436,4148,4148,2152,2148,3836,3848,0.00,0.32,0.00,0.32,28,-12,24,0,-4,12,0.32,0.32,0.32
v1_378,448,476,296,300,2596,2620,4128,4132,2148,2144,3832,3832,0.00,0.00,0.00,0.00,28,4,24,4,-4,0,0.00,0.00,0.00
v1_379,184,208,220,224,2424,2444,4080,4080,2240,2236,3860,3856,-0.84,-0.94,0.84,0.94,24,4,20,0,-4,-4,-0.10,0.10,0.10
v1_380,476,500,256,260,2632,2664,4108,4112,2156,2164,3852,3852,0.43,0.43,0.43,0.43,24,4,32,4,8,0,0.00,0.00,0.00
v1_381,264,288,420,424,2416,2436,4240,4240,2152,2148,3820,3816,0.11,0.00,0.11,0.00,24,4,20,0,-4,-4,-0.11,-0.11,0.11
v1_382,476,508,420,428,2636,2656,4244,4244,2160,2148,3824,3816,0.22,0.00,0.22,0.00,32,8,20,0,-12,-8,-0.22,-0.22,0.22
v1_383,236,268,300,300,2400,2436,4104,4104,2164,2168,3804,3804,0.11,0.00,0.11,0.00,32,0,36,0,4,0,-0.11,-0.11,0.11
v1_384,460,496,284,280,2636,2652,4112,4116,2176,2156,3828,3836,0.11,0.32,0.11,0.32,36,-4,16,4,-20,8,0.22,0.22,0.22
v1_385,232,264,412,420,2380,2412,4236,4240,2148,2148,3824,3820,0.75,0.43,0.75,0.43,32,8,32,4,0,-4,-0.32,-0.32,0.32
v1_386,472,508,412,408,2616,2652,4244,4244,2144,2144,3832,3836,-0.54,-0.75,0.54,0.75,36,-4,36,0,0,4,-0.21,0.21,0.21
v1_387,324,340,368,360,2476,2488,4224,4228,2152,2148,3856,3868,0.00,-0.11,0.00,0.11,16,-8,12,4,-4,12,-0.11,0.11,0.11
v1_388,428,452,356,360,2576,2592,4204,4192,2148,2140,3848,3832,0.21,-0.11,0.21,0.11,24,4,16,-12,-8,-16,-0.32,-0.11,0.11
v1_389,308,332,324,344,2468,2476,4200,4196,2160,2144,3876,3852,0.43,0.11,0.43,0.11,24,20,8,-4,-16,-24,-0.32,-0.32,0.32
v1_390,408,428,364,364,2552,2564,4196,4196,2144,2136,3832,3832,0.00,0.00,0.00,0.00,20,0,12,0,-8,0,0.00,0.00,0.00
v1_391,332,348,368,368,2488,2496,4188,4184,2156,2148,3820,3816,0.11,0.11,0.11,0.11,16,0,8,-4,-8,-4,0.00,0.00,0.00
v1_392,420,436,384,384,2564,2576,4196,4188,2144,2140,3812,3804,0.00,0.00,0.00,0.00,16,0,12,-8,-4,-8,0.00,0.00,0.00
v1_393,320,336,348,108,2484,2480,4160,4164,2164,2144,3812,4056,-0.11,0.00,0.11,0.00,16,-240,-4,4,-20,244,0.11,-0.11,0.11
v1_394,392,408,332,332,2552,2564,4160,4164,2160,2156,3828,3832,0.21,0.21,0.21,0.21,16,0,12,4,-4,4,0.00,0.00,0.00
v1_395,288,296,320,304,2444,2464,4148,4152,2156,2168,3828,3848,-0.32,-0.54,0.32,0.54,8,-16,20,4,12,20,-0.21,0.21,0.21
v1_396,416,436,324,336,2588,2588,4176,4176,2172,2152,3852,3840,-0.32,-0.22,0.32,0.22,20,12,0,0,-20,-12,0.11,-0.11,0.11
v1_397,304,316,336,344,2460,2472,4168,4168,2156,2156,3832,3824,-0.65,-0.54,0.65,0.54,12,8,12,0,0,-8,0.11,-0.11,0.11
v1_398,428,448,344,344,2580,2600,4164,4168,2152,2152,3820,3824,0.11,0.11,0.11,0.11,20,0,20,4,0,4,0.00,0.00,0.00
v1_399,284,304,360,348,2460,2452,4180,4184,2176,2148,3820,3836,-0.32,0.11,0.32,0.11,20,-12,-8,4,-28,16,0.43,-0.21,0.21
v1_400,424,444,360,356,2592,2596,4184,4184,2168,2152,3824,3828,0.00,0.00,0.00,0.00,20,-4,4,0,-16,4,0.00,0.00,0.00
v1_401,280,304,328,312,2464,2468,4168,4168,2184,2164,3840,3856,-0.22,-0.43,0.22,0.43,24,-16,4,0,-20,16,-0.22,0.22,0.22
v1_402,424,448,292,292,2596,2612,4180,4184,2172,2164,3888,3892,0.53,2.37,0.53,2.37,24,0,16,4,-8,4,1.84,1.84,1.84
v1_403,292,328,368,360,2456,2476,4208,4208,2164,2148,3840,3848,-0.11,-0.11,0.11,0.11,36,-8,20,0,-16,8,-0.00,0.00,0.00
v1_404,424,452,376,380,2584,2596,4204,4204,2160,2144,3828,3824,-0.43,-0.22,0.43,0.22,28,4,12,0,-16,-4,0.21,-0.21,0.21
v1_405,304,320,352,360,2448,2464,4224,4220,2144,2144,3872,3860,-0.11,-0.22,0.11,0.22,16,8,16,-4,0,-12,-0.11,0.11,0.11
v1_406,420,440,364,376,2596,2576,4208,4204,2176,2136,3844,3828,0.11,0.25,0.11,0.25,20,12,-20,-4,-40,-16,0.15,0.15,0.15
v1_407,304,320,352,352,2444,2460,4176,4176,2140,2140,3824,3824,0.00,0.00,0.00,0.00,16,0,16,0,0,0,0.00,0.00,0.00
v1_408,444,460,352,368,2584,2600,4188,4184,2140,2140,3836,3816,0.00,0.00,0.00,0.00,16,16,16,-4,0,-20,0.00,0.00,0.00
v1_409,280,296,316,316,2440,2448,4188,4144,2160,2152,3872,3828,0.43,0.00,0.43,0.00,16,0,8,-44,-8,-44,-0.43,-0.43,0.43
v1_410,412,448,332,320,2596,2596,4184,4184,2184,2148,3852,3864,-0.22,-0.32,0.22,0.32,36,-12,0,0,-36,12,-0.11,0.11,0.11
v1_411,244,260,352,348,2400,2412,4168,4164,2156,2152,3816,3816,-0.11,-0.11,0.11,0.11,16,-4,12,-4,-4,0,-0.00,0.00,0.00
v1_412,480,496,340,320,2628,2632,4168,4168,2148,2136,3828,3848,0.00,0.97,0.00,0.97,16,-20,4,0,-12,20,0.97,0.97,0.97
v1_413,260,276,372,376,2404,2412,4188,4192,2144,2136,3816,3816,0.00,0.00,0.00,0.00,16,4,8,4,-8,0,0.00,0.00,0.00
v1_414,468,504,340,352,2632,2648,4184,4180,2164,2144,3844,3828,0.53,0.00,0.53,0.00,36,12,16,-4,-20,-16,-0.53,-0.53,0.53
v1_415,240,256,356,356,2384,2396,4176,4176,2144,2140,3820,3820,-0.11,-0.11,0.11,0.11,16,0,12,0,-4,0,-0.00,0.00,0.00
v1_416,476,500,300,320,2616,2632,4188,4184,2140,2132,3888,3864,0.11,0.00,0.11,0.00,24,20,16,-4,-8,-24,-0.11,-0.11,0.11
v1_417,264,284,364,368,2400,2416,4192,4196,2136,2132,3828,3828,-0.11,0.00,0.11,0.00,20,4,16,4,-4,0,0.11,-0.11,0.11
v1_418,460,504,352,300,2620,2640,4188,4196,2160,2136,3836,3896,0.00,-2.17,0.00,2.17,44,-52,20,8,-24,60,-2.17,2.17,2.17
v1_419,296,312,400,400,2440,2460,4260,4260,2144,2148,3860,3860,-0.11,-0.11,0.11,0.11,16,0,20,0,4,0,0.00,0.00,0.00
v1_420,428,452,400,408,2592,2592,4220,4228,2164,2140,3820,3820,0.21,0.00,0.21,0.00,24,8,0,8,-24,0,-0.21,-0.21,0.21
v1_421,304,328,368,372,2444,2464,4204,4208,2140,2136,3836,3836,0.11,0.00,0.11,0.00,24,4,20,4,-4,0,-0.11,-0.11,0.11
v1_422,416,436,344,348,2576,2592,4180,4184,2160,2156,3836,3836,-0.32,-0.32,0.32,0.32,20,4,16,4,-4,0,-0.00,0.00,0.00
v1_423,288,320,416,428,2448,2468,4236,4236,2160,2148,3820,3808,-0.21,0.00,0.21,0.00,32,12,20,0,-12,-12,0.21,-0.21,0.21
v1_424,432,456,400,408,2580,2600,4228,4228,2148,2144,3828,3820,-0.32,-0.22,0.32,0.22,24,8,20,0,-4,-8,0.11,-0.11,0.11
v1_425,292,308,348,336,2472,2480,4164,4164,2180,2172,3816,3828,0.00,-0.43,0.00,0.43,16,-12,8,0,-8,12,-0.43,0.43,0.43
v1_426,408,424,336,340,2544,2564,4192,4192,2136,2140,3856,3852,0.00,0.00,0.00,0.00,16,4,20,0,4,-4,0.00,0.00,0.00
v1_427,304,324,356,352,2460,2476,4180,4180,2156,2152,3824,3828,-0.11,-0.32,0.11,0.32,20,-4,16,0,-4,4,-0.21,0.21,0.21
v1_430,368,392,388,392,2532,2552,4228,4228,2164,2160,3840,3836,-0.11,0.11,0.11,0.11,24,4,20,0,-4,-4,0.21,0.00,0.00
v1_431,316,336,372,368,2468,2476,4192,4196,2152,2140,3820,3828,-0.26,-0.52,0.26,0.52,20,-4,8,4,-12,8,-0.26,0.26,0.26
v1_432,420,428,376,380,2564,2580,4196,4196,2144,2152,3820,3816,0.37,-0.33,0.37,0.33,8,4,16,0,8,-4,-0.70,-0.04,0.04
v1_433,300,324,364,368,2484,2488,4176,4180,2184,2164,3812,3812,-0.64,-0.64,0.64,0.64,24,4,4,4,-20,0,-0.01,0.01,0.01
v1_434,404,412,384,380,2576,2572,4180,4188,2172,2160,3796,3808,0.21,0.32,0.21,0.32,8,-4,-4,8,-12,12,0.11,0.11,0.11
v1_437,284,292,360,356,2440,2472,4212,4212,2156,2180,3852,3856,-0.43,-0.53,0.43,0.53,8,-4,32,0,24,4,-0.11,0.11,0.11
v1_438,440,452,368,324,2592,2604,4168,4168,2152,2152,3800,3844,0.21,-1.40,0.21,1.40,12,-44,12,0,0,44,-1.61,1.19,1.19
v1_439,248,268,404,396,2412,2420,4224,4220,2164,2152,3820,3824,-0.22,-0.11,0.22,0.11,20,-8,8,-4,-12,4,0.11,-0.11,0.11
v1_440,448,476,372,372,2624,2644,4192,4196,2176,2168,3820,3824,-0.68,-0.54,0.68,0.54,28,0,20,4,-8,4,0.14,-0.14,0.14
v1_441,268,284,344,340,2424,2448,4132,4132,2156,2164,3788,3792,-0.21,-0.21,0.21,0.21,16,-4,24,0,8,4,0.00,-0.00,0.00
v1_444,456,476,340,344,2604,2624,4172,4172,2148,2148,3832,3828,0.00,0.00,0.00,0.00,20,4,20,0,0,-4,0.00,0.00,0.00
v1_445,276,300,400,404,2432,2448,4220,4224,2156,2148,3820,3820,-0.43,-0.32,0.43,0.32,24,4,16,4,-8,0,0.11,-0.11,0.11
v1_446,444,468,428,416,2600,2616,4260,4252,2156,2148,3832,3836,0.00,-0.21,0.00,0.21,24,-12,16,-8,-8,4,-0.21,0.21,0.21
v1_447,252,276,328,332,2436,2460,4152,4160,2184,2184,3824,3828,-0.42,-0.43,0.42,0.43,24,4,24,8,0,4,-0.00,0.00,0.00
v1_448,468,488,364,364,2608,2620,4176,4180,2140,2132,3812,3816,0.00,0.00,0.00,0.00,20,0,12,4,-8,4,0.00,0.00,0.00
v1_449,264,280,396,404,2420,2436,4216,4212,2156,2156,3820,3808,-0.21,-0.21,0.21,0.21,16,8,16,-4,0,-12,0.00,0.00,0.00
v1_452,480,496,340,348,2620,2640,4172,4172,2140,2144,3832,3824,0.00,-0.22,0.00,0.22,16,8,20,0,4,-8,-0.22,0.22,0.22
v1_453,272,288,396,396,2440,2456,4240,4236,2168,2168,3844,3840,0.43,0.43,0.43,0.43,16,0,16,-4,0,-4,0.00,0.00,0.00
v1_454,452,476,392,392,2616,2636,4240,4244,2164,2160,3848,3852,-0.75,-0.64,0.75,0.64,24,0,20,4,-4,4,0.11,-0.11,0.11
v1_455,296,308,348,348,2448,2468,4176,4180,2152,2160,3828,3832,-0.21,-0.21,0.21,0.21,12,0,20,4,8,4,0.00,-0.00,0.00
v1_458,472,484,380,376,2612,2624,4224,4220,2140,2140,3844,3844,0.00,0.54,0.00,0.54,12,-4,12,-4,0,0,0.54,0.54,0.54
v1_459,280,316,384,384,2472,2472,4244,4248,2192,2156,3860,3864,0.32,0.32,0.32,0.32,36,0,0,4,-36,4,0.01,0.01,0.01
v1_460,432,448,384,388,2584,2600,4248,4248,2152,2152,3864,3860,-0.32,-0.32,0.32,0.32,16,4,16,0,0,-4,-0.00,0.00,0.00
v1_461,244,268,336,336,2404,2424,4164,4164,2160,2156,3828,3828,-0.21,-0.21,0.21,0.21,24,0,20,0,-4,0,-0.00,0.00,0.00
v1_464,440,456,376,372,2608,2620,4208,4208,2168,2164,3832,3836,0.21,0.65,0.21,0.65,16,-4,12,0,-4,4,0.43,0.43,0.43
v1_465,308,328,304,296,2480,2496,4124,4136,2172,2168,3820,3840,-0.43,-0.32,0.43,0.32,20,-8,16,12,-4,20,0.11,-0.11,0.11
v1_466,392,416,308,308,2608,2616,4140,4140,2216,2200,3832,3832,0.74,0.64,0.74,0.64,24,0,8,0,-16,0,-0.10,-0.10,0.10
v1_467,272,292,352,352,2448,2468,4192,4196,2176,2176,3840,3844,0.32,0.32,0.32,0.32,20,0,20,4,0,4,0.00,0.00,0.00
v1_468,440,456,332,320,2596,2620,4204,4140,2156,2164,3872,3820,0.00,-0.11,0.00,0.11,16,-12,24,-64,8,-52,-0.11,0.11,0.11
v1_469,320,340,388,388,2460,2476,4240,4240,2140,2136,3852,3852,0.11,0.21,0.11,0.21,20,0,16,0,-4,0,0.11,0.11,0.11
v1_470,432,448,372,368,2576,2588,4188,4192,2144,2140,3816,3824,0.00,-0.22,0.00,0.22,16,-4,12,4,-4,8,-0.22,0.22,0.22
v1_473,288,300,392,388,2432,2448,4220,4228,2144,2148,3828,3840,-0.11,-0.21,0.11,0.21,12,-4,16,8,4,12,-0.11,0.11,0.11
v1_474,424,460,352,360,2628,2632,4204,4208,2204,2172,3852,3848,0.64,0.00,0.64,0.00,36,8,4,4,-32,-4,-0.64,-0.64,0.64
v1_475,308,324,376,376,2456,2504,4196,4192,2148,2180,3820,3816,-0.21,-0.22,0.21,0.22,16,0,48,-4,32,-4,-0.00,0.00,0.00
v1_476,432,444,380,388,2572,2596,4224,4224,2140,2152,3844,3836,-0.32,-0.43,0.32,0.43,12,8,24,0,12,-8,-0.11,0.11,0.11
v1_477,264,284,352,356,2412,2412,4172,4172,2148,2128,3820,3816,0.00,0.11,0.00,0.11,20,4,0,0,-20,-4,0.11,0.11,0.11
v1_478,460,484,364,364,2596,2684,4196,4196,2136,2200,3832,3832,0.11,0.10,0.11,0.10,24,0,88,0,64,0,-0.00,-0.00,0.00
v1_479,288,308,388,380,2440,2460,4192,4196,2152,2152,3804,3816,0.00,-0.22,0.00,0.22,20,-8,20,4,0,12,-0.22,0.22,0.22
v1_482,408,440,344,344,2576,2600,4164,4168,2168,2160,3820,3824,-0.11,-0.11,0.11,0.11,32,0,24,4,-8,4,-0.00,0.00,0.00
v1_483,256,284,348,348,2416,2428,4248,4248,2160,2144,3900,3900,-0.65,-0.65,0.65,0.65,28,0,12,0,-16,0,-0.00,0.00,0.00
v1_484,480,504,380,380,2632,2648,4228,4228,2152,2144,3848,3848,0.21,0.21,0.21,0.21,24,0,16,0,-8,0,0.00,0.00,0.00
v1_485,244,272,308,308,2392,2420,4156,4152,2148,2148,3848,3844,0.11,0.11,0.11,0.11,28,0,28,-4,0,-4,-0.00,-0.00,0.00
v1_486,420,436,296,292,2608,2644,4168,4168,2188,2208,3872,3876,-0.64,-0.74,0.64,0.74,16,-4,36,0,20,4,-0.10,0.10,0.10
v1_487,252,272,400,400,2428,2448,4244,4248,2176,2176,3844,3848,-0.32,-0.32,0.32,0.32,20,0,20,4,0,4,0.00,0.00,0.00
v1_488,452,476,412,412,2612,2632,4256,4256,2160,2156,3844,3844,-0.11,-0.11,0.11,0.11,24,0,20,0,-4,0,-0.00,0.00,0.00
v1_489,240,280,280,316,2404,2424,4140,4140,2164,2144,3860,3824,0.75,0.11,0.75,0.11,40,36,20,0,-20,-36,-0.64,-0.64,0.64
v1_490,448,476,336,336,2612,2624,4172,4176,2164,2148,3836,3840,-0.43,-0.32,0.43,0.32,28,0,12,4,-16,4,0.11,-0.11,0.11
v1_491,256,280,304,284,2400,2412,4140,4140,2144,2132,3836,3856,0.00,-0.54,0.00,0.54,24,-20,12,0,-12,20,-0.54,0.54,0.54
v1_492,448,468,296,292,2608,2612,4096,4096,2160,2144,3800,3804,0.32,0.11,0.32,0.11,20,-4,4,0,-16,4,-0.22,-0.22,0.22
v1_493,276,300,416,404,2412,2436,4232,4228,2136,2136,3816,3824,0.00,0.00,0.00,0.00,24,-12,24,-4,0,8,0.00,0.00,0.00
v1_494,460,480,412,412,2604,2624,4240,4240,2144,2144,3828,3828,-0.32,-0.32,0.32,0.32,20,0,20,0,0,0,-0.00,0.00,0.00
v1_495,240,256,308,316,2404,2420,4128,4132,2164,2164,3820,3816,-0.21,-0.11,0.21,0.11,16,8,16,4,0,-4,0.11,-0.11,0.11
v1_496,452,480,320,312,2620,2620,4136,4132,2168,2140,3816,3820,0.00,0.11,0.00,0.11,28,-8,0,-4,-28,4,0.11,0.11,0.11
v1_497,284,308,424,428,2424,2444,4252,4252,2140,2136,3828,3824,0.00,0.00,0.00,0.00,24,4,20,0,-4,-4,0.00,0.00,0.00
v1_498,480,496,416,412,2620,2652,4232,4232,2140,2156,3816,3820,-0.11,-0.22,0.11,0.22,16,-4,32,0,16,4,-0.11,0.11,0.11
v1_499,304,336,376,384,2500,2520,4252,4248,2196,2184,3876,3864,-0.75,-0.64,0.75,0.64,32,8,20,-4,-12,-12,0.10,-0.10,0.10
v1_500,404,424,392,400,2580,2592,4224,4220,2176,2168,3832,3820,0.53,0.32,0.53,0.32,20,8,12,-4,-8,-12,-0.21,-0.21,0.21
v1_501,300,332,292,312,2484,2472,4152,4160,2184,2140,3860,3848,0.21,-0.22,0.21,0.22,32,20,-12,8,-44,-12,-0.43,0.00,0.00
v1_502,380,404,316,324,2548,2564,4148,4144,2168,2160,3832,3820,0.43,0.11,0.43,0.11,24,8,16,-4,-8,-12,-0.32,-0.32,0.32
v1_503,296,316,388,388,2456,2480,4224,4228,2160,2164,3836,3840,-0.54,0.00,0.54,0.00,20,0,24,4,4,4,0.54,-0.54,0.54
v1_504,424,444,392,408,2568,2584,4232,4236,2144,2140,3840,3828,0.11,0.00,0.11,0.00,20,16,16,4,-4,-12,-0.11,-0.11,0.11
v1_505,284,308,300,300,2452,2460,4128,4132,2168,2152,3828,3832,0.11,0.21,0.11,0.21,24,0,8,4,-16,4,0.11,0.11,0.11
v1_506,412,432,312,312,2552,2576,4140,4140,2140,2144,3828,3828,-0.11,-0.21,0.11,0.21,20,0,24,0,4,0,-0.11,0.11,0.11
v1_509,272,300,404,408,2440,2452,4228,4228,2168,2152,3824,3820,-0.21,-0.11,0.21,0.11,28,4,12,0,-16,-4,0.11,-0.11,0.11
v1_510,440,460,412,408,2600,2620,4232,4232,2160,2160,3820,3824,0.43,0.43,0.43,0.43,20,-4,20,0,0,4,0.00,0.00,0.00
v1_512,424,448,292,284,2576,2596,4112,4112,2152,2148,3820,3828,0.21,0.76,0.21,0.76,24,-8,20,0,-4,8,0.54,0.54,0.54
v1_513,292,320,392,380,2448,2460,4224,4228,2156,2140,3832,3848,0.22,-0.54,0.22,0.54,28,-12,12,4,-16,16,-0.76,0.32,0.32
v1_514,456,484,376,372,2596,2620,4224,4224,2140,2136,3848,3852,-0.21,-0.43,0.21,0.43,28,-4,24,0,-4,4,-0.22,0.22,0.22
v1_515,268,296,364,372,2424,2444,4232,4232,2156,2148,3868,3860,-0.32,-0.22,0.32,0.22,28,8,20,0,-8,-8,0.10,-0.10,0.10
v1_516,476,504,356,356,2624,2648,4184,4184,2148,2144,3828,3828,0.11,0.11,0.11,0.11,28,0,24,0,-4,0,0.00,0.00,0.00
v1_517,260,280,368,376,2432,2420,4232,4232,2172,2140,3864,3856,0.00,0.00,0.00,0.00,20,8,-12,0,-32,-8,0.00,0.00,0.00
v1_518,412,440,344,344,2584,2608,4200,4200,2172,2168,3856,3856,-0.43,-0.53,0.43,0.53,28,0,24,0,-4,0,-0.11,0.11,0.11
v1_519,288,316,388,392,2432,2472,4224,4228,2144,2156,3836,3836,-0.11,0.00,0.11,0.00,28,4,40,4,12,0,0.11,-0.11,0.11
v1_520,464,488,380,384,2608,2620,4208,4212,2144,2132,3828,3828,-0.11,0.00,0.11,0.00,24,4,12,4,-12,0,0.11,-0.11,0.11
v1_521,252,280,360,352,2420,2420,4200,4200,2168,2140,3840,3848,0.00,0.99,0.00,0.99,28,-8,0,0,-28,8,0.99,0.99,0.99
v1_522,444,468,340,348,2588,2608,4188,4192,2144,2140,3848,3844,0.11,0.11,0.11,0.11,24,8,20,4,-4,-4,0.00,0.00,0.00
v1_523,308,328,320,324,2456,2480,4168,4168,2148,2152,3848,3844,-0.43,-0.32,0.43,0.32,20,4,24,0,4,-4,0.11,-0.11,0.11
v1_524,376,396,304,308,2536,2552,4144,4144,2160,2156,3840,3836,0.32,0.22,0.32,0.22,20,4,16,0,-4,-4,-0.11,-0.11,0.11
v1_525,332,352,340,328,2488,2516,4160,4160,2156,2164,3820,3832,-0.32,-0.75,0.32,0.75,20,-12,28,0,8,12,-0.43,0.43,0.43
v1_526,392,412,356,360,2548,2572,4196,4192,2156,2160,3840,3832,0.11,0.11,0.11,0.11,20,4,24,-4,4,-8,0.00,0.00,0.00
v1_527,300,320,368,372,2444,2468,4192,4192,2144,2148,3824,3820,-0.11,0.00,0.11,0.00,20,4,24,0,4,-4,0.11,-0.11,0.11
v1_528,380,400,368,364,2544,2564,4188,4188,2164,2164,3820,3824,0.00,180.00,0.00,180.00,20,-4,20,0,0,4,180.00,180.00,180.00
v1_529,348,368,384,364,2492,2508,4192,4196,2144,2140,3808,3832,-0.11,-0.11,0.11,0.11,20,-20,16,4,-4,24,0.00,0.00,0.00
v1_530,408,428,364,360,2564,2584,4188,4188,2156,2156,3824,3828,0.00,0.00,0.00,0.00,20,-4,20,0,0,4,0.00,0.00,0.00
v1_531,268,288,356,352,2440,2464,4220,4216,2172,2176,3864,3864,-0.43,-0.43,0.43,0.43,20,-4,24,-4,4,0,0.00,0.00,0.00
v1_532,464,484,376,376,2636,2652,4192,4192,2172,2168,3816,3816,0.32,0.32,0.32,0.32,20,0,16,0,-4,0,0.00,0.00,0.00
v1_533,232,248,360,360,2440,2432,4220,4224,2208,2184,3860,3864,-0.53,-0.53,0.53,0.53,16,0,-8,4,-24,4,-0.01,0.01,0.01
v1_534,432,452,360,364,2588,2608,4188,4188,2156,2156,3828,3824,0.32,0.32,0.32,0.32,20,4,20,0,0,-4,0.00,0.00,0.00
v1_535,264,284,368,372,2404,2428,4192,4188,2140,2144,3824,3816,0.00,0.00,0.00,0.00,20,4,24,-4,4,-8,0.00,0.00,0.00
v1_536,488,508,348,356,2628,2648,4184,4184,2140,2140,3836,3828,0.11,0.11,0.11,0.11,20,8,20,0,0,-8,0.00,0.00,0.00
v1_537,220,240,328,332,2376,2388,4144,4140,2156,2148,3816,3808,0.11,-0.11,0.11,0.11,20,4,12,-4,-8,-8,-0.21,0.00,0.00
v1_538,464,488,348,344,2628,2616,4176,4180,2164,2128,3828,3836,0.00,0.11,0.00,0.11,24,-4,-12,4,-36,8,0.11,0.11,0.11
v1_539,264,292,328,328,2472,2484,4144,4148,2208,2192,3816,3820,-0.53,0.00,0.53,0.00,28,0,12,4,-16,4,0.53,-0.53,0.53
v1_540,400,424,344,344,2572,2584,4168,4172,2172,2160,3824,3828,0.54,0.54,0.54,0.54,24,0,12,4,-12,4,0.00,0.00,0.00
v1_541,268,296,348,356,2452,2468,4176,4176,2184,2172,3828,3820,-0.75,-0.43,0.75,0.43,28,8,16,0,-12,-8,0.32,-0.32,0.32
v1_542,428,456,376,372,2596,2620,4188,4196,2168,2164,3812,3824,0.32,0.32,0.32,0.32,28,-4,24,8,-4,12,-0.00,-0.00,0.00
v1_543,248,264,344,352,2408,2444,4164,4168,2160,2180,3820,3816,-0.43,-0.43,0.43,0.43,16,8,36,4,20,-4,0.00,0.00,0.00
v1_544,416,436,364,364,2572,2596,4176,4180,2156,2160,3812,3816,0.21,0.21,0.21,0.21,20,0,24,4,4,4,0.00,0.00,0.00
v1_545,292,312,372,372,2444,2464,4172,4168,2152,2152,3800,3796,-0.11,-0.11,0.11,0.11,20,0,20,-4,0,-4,0.00,0.00,0.00
v1_546,440,472,344,344,2608,2624,4176,4180,2168,2152,3832,3836,0.32,0.11,0.32,0.11,32,0,16,4,-16,4,-0.21,-0.21,0.21
v1_547,256,288,376,368,2408,2444,4228,4228,2152,2156,3852,3860,0.00,-0.21,0.00,0.21,32,-8,36,0,4,8,-0.21,0.21,0.21
v1_548,504,536,364,368,2664,2688,4204,4208,2160,2152,3840,3840,-0.32,-0.11,0.32,0.11,32,4,24,4,-8,0,0.21,-0.21,0.21
v1_549,192,228,380,384,2384,2412,4264,4264,2192,2184,3884,3880,-0.32,-0.32,0.32,0.32,36,4,28,0,-8,-4,-0.00,0.00,0.00
v1_550,432,468,380,380,2648,2620,4276,4252,2216,2152,3896,3872,-0.42,-0.43,0.42,0.43,36,0,-28,-24,-64,-24,-0.01,0.01,0.01
v1_551,292,320,360,360,2428,2452,4184,4188,2136,2132,3824,3828,-0.32,-0.32,0.32,0.32,28,0,24,4,-4,4,-0.00,0.00,0.00
v1_556,392,464,424,420,2572,2628,4288,4288,2180,2164,3864,3868,-0.53,-0.64,0.53,0.64,72,-4,56,0,-16,4,-0.11,0.11,0.11
v1_557,168,224,428,428,2352,2380,4280,4276,2184,2156,3852,3848,0.21,0.21,0.21,0.21,56,0,28,-4,-28,-4,0.00,0.00,0.00
v1_558,544,572,368,372,2692,2720,4228,4232,2148,2148,3860,3860,-0.43,-0.43,0.43,0.43,28,4,28,4,0,0,-0.00,0.00,0.00
v1_559,184,212,424,424,2328,2352,4252,4252,2144,2140,3828,3828,0.00,-0.11,0.00,0.11,28,0,24,0,-4,0,-0.11,0.11,0.11
v1_560,472,492,384,388,2624,2648,4244,4248,2152,2156,3860,3860,0.11,0.11,0.11,0.11,20,4,24,4,4,0,-0.00,-0.00,0.00
v1_561,196,276,532,348,2408,2424,4140,4140,2212,2148,3608,3792,0.00,0.00,0.00,0.00,80,-184,16,0,-64,184,0.00,0.00,0.00
v1_562,504,528,328,332,2668,2700,4148,4148,2164,2172,3820,3816,0.00,0.00,0.00,0.00,24,4,32,0,8,-4,0.00,0.00,0.00
v1_563,360,388,292,304,2544,2568,4176,4176,2184,2180,3884,3872,-0.53,-0.54,0.53,0.54,28,12,24,0,-4,-12,-0.00,0.00,0.00
v1_564,372,404,332,340,2544,2572,4152,4152,2172,2168,3820,3812,0.32,0.11,0.32,0.11,32,8,28,0,-4,-8,-0.21,-0.21,0.21
v1_565,320,348,312,344,2484,2512,4256,4256,2164,2164,3944,3912,0.00,0.00,0.00,0.00,28,32,28,0,0,-32,0.00,0.00,0.00
v1_566,316,344,388,396,2484,2512,4228,4224,2168,2168,3840,3828,0.64,0.55,0.64,0.55,28,8,28,-4,0,-12,-0.09,-0.09,0.09
v1_567,368,400,324,328,2540,2568,4168,4168,2172,2168,3844,3840,-0.86,-0.75,0.86,0.75,32,4,28,0,-4,-4,0.11,-0.11,0.11
v1_568,320,352,356,360,2520,2552,4204,4212,2200,2200,3848,3852,1.08,1.08,1.08,1.08,32,4,32,8,0,4,0.00,0.00,0.00
v1_570,308,332,380,388,2508,2536,4224,4228,2200,2204,3844,3840,0.85,0.85,0.85,0.85,24,8,28,4,4,-4,0.00,0.00,0.00
v1_571,232,268,356,348,2396,2416,4180,4180,2164,2148,3824,3832,0.00,0.32,0.00,0.32,36,-8,20,0,-16,8,0.32,0.32,0.32
v1_572,400,428,344,348,2600,2584,4196,4192,2200,2156,3852,3844,0.53,0.43,0.53,0.43,28,4,-16,-4,-44,-8,-0.11,-0.11,0.11
v1_573,264,292,356,356,2428,2460,4192,4192,2164,2168,3836,3836,-0.11,-0.11,0.11,0.11,28,0,32,0,4,0,-0.00,0.00,0.00
v1_574,464,488,364,364,2624,2648,4172,4172,2160,2160,3808,3808,-0.11,-0.11,0.11,0.11,24,0,24,0,0,0,0.00,0.00,0.00
v1_575,232,268,364,356,2436,2444,4184,4188,2204,2176,3820,3832,-0.65,-0.76,0.65,0.76,36,-8,8,4,-28,12,-0.11,0.11,0.11
v1_576,388,420,368,368,2592,2592,4192,4192,2204,2172,3824,3824,0.32,0.43,0.32,0.43,32,0,0,0,-32,0,0.11,0.11,0.11
v1_577,296,328,332,332,2476,2508,4148,4148,2180,2180,3816,3816,-0.86,-0.86,0.86,0.86,32,0,32,0,0,0,-0.00,0.00,0.00
v1_578,396,476,344,348,2620,2644,4168,4168,2224,2168,3824,3820,0.73,0.64,0.73,0.64,80,4,24,0,-56,-4,-0.09,-0.09,0.09
v1_579,264,304,328,336,2456,2444,4180,4180,2192,2140,3852,3844,0.32,0.32,0.32,0.32,40,8,-12,0,-52,-8,0.01,0.01,0.01
v1_580,388,420,348,348,2536,2568,4168,4172,2148,2148,3820,3824,0.00,0.00,0.00,0.00,32,0,32,4,0,4,0.00,0.00,0.00
v1_581,320,348,348,348,2480,2508,4204,4204,2160,2160,3856,3856,0.00,0.74,0.00,0.74,28,0,28,0,0,0,0.74,0.74,0.74
v1_582,396,432,368,376,2552,2572,4208,4204,2156,2140,3840,3828,-0.32,-0.11,0.32,0.11,36,8,20,-4,-16,-12,0.21,-0.21,0.21
v1_583,316,348,392,400,2480,2492,4216,4216,2164,2144,3824,3816,-1.04,0.00,1.04,0.00,32,8,12,0,-20,-8,1.04,-1.04,1.04
v1_584,368,400,420,420,2512,2540,4248,4244,2144,2140,3828,3824,0.11,0.00,0.11,0.00,32,0,28,-4,-4,-4,-0.11,-0.11,0.11
v1_585,328,360,380,400,2468,2496,4212,4212,2140,2136,3832,3812,0.43,0.00,0.43,0.00,32,20,28,0,-4,-20,-0.43,-0.43,0.43
v1_586,404,436,404,408,2552,2584,4228,4228,2148,2148,3824,3820,-0.11,0.11,0.11,0.11,32,4,32,0,0,-4,0.22,0.00,0.00
v1_587,184,116,348,364,2404,2440,4180,4180,2220,2324,3832,3816,-0.74,0.00,0.74,0.00,-68,16,36,0,104,-16,0.74,-0.74,0.74
v1_588,500,532,360,336,2652,2680,4196,4196,2152,2148,3836,3860,0.22,-0.86,0.22,0.86,32,-24,28,0,-4,24,-1.07,0.64,0.64
v1_589,184,212,392,392,2352,2352,4228,4228,2168,2140,3836,3836,0.00,-0.11,0.00,0.11,28,0,0,0,-28,0,-0.11,0.11,0.11
v1_590,492,528,376,376,2640,2664,4216,4216,2148,2136,3840,3840,-0.32,-0.32,0.32,0.32,36,0,24,0,-12,0,0.00,-0.00,0.00
v1_591,28,240,356,360,2348,2380,4212,4212,2320,2140,3856,3852,0.00,0.11,0.00,0.11,212,4,32,0,-180,-4,0.11,0.11,0.11
v1_592,528,556,344,332,2672,2700,4164,4172,2144,2144,3820,3840,0.11,0.11,0.11,0.11,28,-12,28,8,0,20,0.00,0.00,0.00
v1_593,200,236,352,356,2376,2372,4172,4172,2176,2136,3820,3816,0.00,0.00,0.00,0.00,36,4,-4,0,-40,-4,0.00,0.00,0.00
v1_594,460,492,340,344,2660,2644,4168,4168,2200,2152,3828,3824,0.92,0.00,0.92,0.00,32,4,-16,0,-48,-4,-0.92,-0.92,0.92
v1_595,308,348,316,316,2528,2500,4184,4184,2220,2152,3868,3868,0.00,0.00,0.00,0.00,40,0,-28,0,-68,0,0.00,0.00,0.00
v1_596,336,364,352,360,2508,2524,4196,4176,2172,2160,3844,3816,0.11,0.11,0.11,0.11,28,8,16,-20,-12,-28,0.00,0.00,0.00
v1_597,380,404,308,328,2528,2552,4192,4196,2148,2148,3884,3868,0.65,0.00,0.65,0.00,24,20,24,4,0,-16,-0.65,-0.65,0.65
v1_598,340,384,344,364,2520,2544,4188,4192,2180,2160,3844,3828,0.43,0.00,0.43,0.00,44,20,24,4,-20,-16,-0.43,-0.43,0.43
v1_599,336,360,380,380,2516,2516,4196,4192,2180,2156,3816,3812,0.00,-0.32,0.00,0.32,24,0,0,-4,-24,-4,-0.32,0.32,0.32
v1_600,344,372,408,408,2504,2508,4240,4244,2160,2136,3832,3836,0.00,0.00,0.00,0.00,28,0,4,4,-24,4,0.00,0.00,0.00
v1_601,332,368,372,368,2488,2512,4168,4168,2156,2144,3796,3800,0.11,0.21,0.11,0.21,36,-4,24,0,-12,4,0.11,0.11,0.11
v1_602,368,400,372,368,2536,2556,4208,4208,2168,2156,3836,3840,-0.53,-0.43,0.53,0.43,32,-4,20,0,-12,4,0.10,-0.10,0.10
v1_603,216,260,388,392,2376,2408,4200,4200,2160,2148,3812,3808,-0.21,-0.11,0.21,0.11,44,4,32,0,-12,-4,0.11,-0.11,0.11
v1_604,496,520,368,364,2648,2672,4212,4212,2152,2152,3844,3848,0.11,0.22,0.11,0.22,24,-4,24,0,0,4,0.11,0.11,0.11
v1_605,204,236,416,412,2348,2376,4236,4240,2144,2140,3820,3828,0.00,0.11,0.00,0.11,32,-4,28,4,-4,8,0.11,0.11,0.11
v1_606,488,512,384,388,2644,2668,4208,4208,2156,2156,3824,3820,0.21,0.21,0.21,0.21,24,4,24,0,0,-4,0.00,0.00,0.00
v1_607,140,252,356,364,2380,2412,4188,4192,2240,2160,3832,3828,-0.32,-0.21,0.32,0.21,112,8,32,4,-80,-4,0.11,-0.11,0.11
v1_608,508,544,332,316,2664,2692,4168,4168,2156,2148,3836,3852,0.00,0.32,0.00,0.32,36,-16,28,0,-8,16,0.32,0.32,0.32
v1_609,212,244,352,348,2364,2396,4168,4172,2152,2152,3816,3824,-0.23,-0.24,0.23,0.24,32,-4,32,4,0,8,-0.02,0.02,0.02
v1_610,452,484,332,328,2648,2636,4148,4148,2196,2152,3816,3820,0.22,-90.00,0.22,90.00,32,-4,-12,0,-44,4,-90.22,89.78,89.78
v1_611,248,284,328,344,2408,2432,4216,4212,2160,2148,3888,3868,-0.76,-0.43,0.76,0.43,36,16,24,-4,-12,-20,0.32,-0.32,0.32
v1_612,468,496,308,316,2604,2632,4152,4152,2136,2136,3844,3836,0.00,0.22,0.00,0.22,28,8,28,0,0,-8,0.22,0.22,0.22
v1_613,252,280,444,452,2412,2424,4288,4288,2160,2144,3844,3836,0.43,0.43,0.43,0.43,28,8,12,0,-16,-8,0.00,0.00,0.00
v1_614,416,448,404,412,2584,2600,4244,4244,2168,2152,3840,3832,-0.34,-0.11,0.34,0.11,32,8,16,0,-16,-8,0.23,-0.23,0.23
v1_615,280,336,340,356,2444,2472,4200,4196,2164,2136,3860,3840,-2.05,-0.21,2.05,0.21,56,16,28,-4,-28,-20,1.83,-1.83,1.83
v1_616,432,456,320,324,2576,2604,4140,4140,2144,2148,3820,3816,-0.11,0.00,0.11,0.00,24,4,28,0,4,-4,0.11,-0.11,0.11
v1_617,228,264,428,428,2388,2416,4248,4248,2160,2152,3820,3820,-0.21,180.00,0.21,180.00,36,0,28,0,-8,0,180.21,179.79,179.79
v1_618,464,488,412,412,2616,2628,4220,4224,2152,2140,3808,3812,0.00,0.00,0.00,0.00,24,0,12,4,-12,4,0.00,0.00,0.00
v1_619,292,332,336,340,2480,2512,4176,4176,2188,2180,3840,3836,0.00,-0.98,0.00,0.98,40,4,32,0,-8,-4,-0.98,0.98,0.98
v1_620,364,392,360,360,2556,2584,4184,4184,2192,2192,3824,3824,0.64,0.64,0.64,0.64,28,0,28,0,0,0,-0.00,-0.00,0.00
v1_621,272,308,276,280,2436,2464,4112,4112,2164,2156,3836,3832,-0.65,-0.54,0.65,0.54,36,4,28,0,-8,-4,0.11,-0.11,0.11
v1_622,400,424,316,320,2584,2612,4156,4164,2184,2188,3840,3844,0.54,0.43,0.54,0.43,24,4,28,8,4,4,-0.11,-0.11,0.11
v1_623,248,272,336,340,2460,2480,4160,4160,2212,2208,3824,3820,-0.75,-0.75,0.75,0.75,24,4,20,0,-4,-4,-0.00,0.00,0.00
v1_624,384,412,348,352,2588,2612,4184,4184,2204,2200,3836,3832,0.95,1.06,0.95,1.06,28,4,24,0,-4,-4,0.11,0.11,0.11
v1_625,4,324,260,280,2468,2492,4108,4112,2464,2168,3848,3832,0.00,-0.86,0.00,0.86,320,20,24,4,-296,-16,-0.86,0.86,0.86
v1_626,396,420,296,308,2580,2596,4132,4128,2184,2176,3836,3820,0.53,0.54,0.53,0.54,24,12,16,-4,-8,-16,0.00,0.00,0.00
v1_627,296,324,336,328,2444,2464,4180,4180,2148,2140,3844,3852,0.21,0.54,0.21,0.54,28,-8,20,0,-8,8,0.32,0.32,0.32
v1_628,420,452,316,316,2584,2600,4140,4144,2164,2148,3824,3828,-0.32,-0.43,0.32,0.43,32,0,16,4,-16,4,-0.11,0.11,0.11
v1_629,268,300,400,396,2464,2472,4276,4272,2196,2172,3876,3876,0.42,0.75,0.42,0.75,32,-4,8,-4,-24,0,0.33,0.33,0.33
v1_630,380,408,372,380,2580,2588,4228,4232,2200,2180,3856,3852,-0.64,-0.64,0.64,0.64,28,8,8,4,-20,-4,-0.01,0.01,0.01
v1_631,284,300,352,352,2456,2484,4196,4196,2172,2184,3844,3844,0.21,0.21,0.21,0.21,16,0,28,0,12,0,0.00,0.00,0.00
v1_632,416,444,308,304,2568,2592,4128,4136,2152,2148,3820,3832,-0.11,-0.32,0.11,0.32,28,-4,24,8,-4,12,-0.21,0.21,0.21
v1_633,244,268,404,396,2420,2444,4228,4228,2176,2176,3824,3832,0.43,0.64,0.43,0.64,24,-8,24,0,0,8,0.22,0.22,0.22
v1_634,436,456,376,364,2616,2628,4228,4232,2180,2172,3852,3868,-0.43,-0.75,0.43,0.75,20,-12,12,4,-8,16,-0.33,0.33,0.33
v1_635,308,332,412,408,2464,2496,4236,4268,2156,2164,3824,3860,0.00,-0.11,0.00,0.11,24,-4,32,32,8,36,-0.11,0.11,0.11
v1_636,388,408,440,436,2552,2572,4268,4272,2164,2164,3828,3836,0.32,0.43,0.32,0.43,20,-4,20,4,0,8,0.11,0.11,0.11
v1_637,260,292,292,316,2420,2448,4128,4128,2160,2156,3836,3812,-1.07,-0.43,1.07,0.43,32,24,28,0,-4,-24,0.64,-0.64,0.64
v1_638,428,476,380,376,2608,2636,4192,4196,2180,2160,3812,3820,0.21,0.32,0.21,0.32,48,-4,28,4,-20,8,0.11,0.11,0.11
v1_639,244,264,400,392,2432,2444,4264,4192,2188,2180,3864,3800,-0.22,-0.32,0.22,0.32,20,-8,12,-72,-8,-64,-0.11,0.11,0.11
v1_640,416,440,456,460,2568,2592,4264,4268,2152,2152,3808,3808,0.22,0.11,0.22,0.11,24,4,24,4,0,0,-0.11,-0.11,0.11
v1_641,276,312,316,312,2444,2472,4112,4112,2168,2160,3796,3800,-0.43,-0.43,0.43,0.43,36,-4,28,0,-8,4,-0.00,0.00,0.00
v1_642,412,448,348,356,2576,2608,4196,4192,2164,2160,3848,3836,-0.21,-0.21,0.21,0.21,36,8,32,-4,-4,-12,0.00,-0.00,0.00
v1_643,240,276,356,352,2396,2424,4180,4180,2156,2148,3824,3828,0.11,0.11,0.11,0.11,36,-4,28,0,-8,4,0.00,0.00,0.00
v1_644,420,480,368,356,2644,2628,4184,4172,2224,2148,3816,3816,0.00,0.11,0.00,0.11,60,-12,-16,-12,-76,0,0.11,0.11,0.11
v1_645,260,296,384,380,2460,2492,4224,4228,2200,2196,3840,3848,0.43,0.43,0.43,0.43,36,-4,32,4,-4,8,0.00,0.00,0.00
v1_646,416,444,400,400,2576,2604,4212,4212,2160,2160,3812,3812,0.00,0.00,0.00,0.00,28,0,28,0,0,0,0.00,0.00,0.00
v1_647,300,328,344,352,2452,2484,4172,4176,2152,2156,3828,3824,-0.21,-0.11,0.21,0.11,28,8,32,4,4,-4,0.11,-0.11,0.11
v1_648,392,424,336,336,2552,2576,4164,4164,2160,2152,3828,3828,0.21,0.11,0.21,0.11,32,0,24,0,-8,0,-0.11,-0.11,0.11
v1_649,260,292,352,356,2404,2436,4164,4164,2144,2144,3812,3808,0.00,0.00,0.00,0.00,32,4,32,0,0,-4,0.00,0.00,0.00
v1_650,448,480,368,348,2592,2628,4208,4212,2144,2148,3840,3864,0.43,0.21,0.43,0.21,32,-20,36,4,4,24,-0.22,-0.22,0.22
v1_653,220,252,356,348,2388,2400,4188,4188,2168,2148,3832,3840,0.32,0.51,0.32,0.51,32,-8,12,0,-20,8,0.19,0.19,0.19
v1_654,456,480,348,348,2632,2660,4196,4192,2176,2180,3848,3844,-0.32,-0.53,0.32,0.53,24,0,28,-4,4,-4,-0.21,0.21,0.21
v1_655,224,264,368,384,2392,2412,4204,4208,2168,2148,3836,3824,-0.32,0.54,0.32,0.54,40,16,20,4,-20,-12,0.86,0.22,0.22
v1_656,448,480,376,376,2608,2636,4204,4200,2160,2156,3828,3824,-0.21,-0.21,0.21,0.21,32,0,28,-4,-4,-4,-0.00,0.00,0.00
v1_659,280,312,372,372,2452,2480,4244,4244,2172,2168,3872,3872,-0.53,-0.53,0.53,0.53,32,0,28,0,-4,0,-0.00,0.00,0.00
v1_660,400,436,376,392,2576,2584,4192,4192,2176,2148,3816,3800,0.42,-0.11,0.42,0.11,36,16,8,0,-28,-16,-0.53,-0.32,0.32
v1_661,312,340,376,372,2476,2504,4212,4212,2164,2164,3836,3840,-0.11,-0.21,0.11,0.21,28,-4,28,0,0,4,-0.11,0.11,0.11
v1_664,368,400,340,340,2528,2556,4172,4172,2160,2156,3832,3832,0.21,0.11,0.21,0.11,32,0,28,0,-4,0,-0.11,-0.11,0.11
v1_665,284,316,324,332,2444,2476,4176,4128,2160,2160,3852,3796,0.00,-0.21,0.00,0.21,32,8,32,-48,0,-56,-0.21,0.21,0.21
v1_666,416,448,320,336,2580,2608,4172,4176,2164,2160,3852,3840,-0.32,-0.21,0.32,0.21,32,16,28,4,-4,-12,0.11,-0.11,0.11
v1_667,280,304,372,356,2428,2456,4180,4180,2148,2152,3808,3824,0.43,0.64,0.43,0.64,24,-16,28,0,4,16,0.22,0.22,0.22
v1_670,472,500,344,336,2624,2648,4180,4176,2152,2148,3836,3840,-0.21,-0.11,0.21,0.11,28,-8,24,-4,-4,4,0.11,-0.11,0.11
v1_671,252,280,392,384,2512,2424,4208,4212,2260,2144,3816,3828,0.00,0.11,0.00,0.11,28,-8,-88,4,-116,12,0.11,0.11,0.11
v1_672,444,480,364,368,2612,2628,4188,4184,2168,2148,3824,3816,0.64,0.95,0.64,0.95,36,4,16,-4,-20,-8,0.32,0.32,0.32
v1_673,268,308,368,360,2416,2448,4172,4172,2148,2140,3804,3812,0.00,0.91,0.00,0.91,40,-8,32,0,-8,8,0.91,0.91,0.91
v1_676,364,400,316,308,2564,2588,4172,4136,2200,2188,3856,3828,0.97,0.86,0.97,0.86,36,-8,24,-36,-12,-28,-0.11,-0.11,0.11
v1_677,300,324,336,340,2484,2508,4208,4208,2184,2184,3872,3868,0.00,0.00,0.00,0.00,24,4,24,0,0,-4,0.00,0.00,0.00
v1_678,368,412,324,324,2616,2608,4172,4176,2248,2196,3848,3852,1.58,1.82,1.58,1.82,44,0,-8,4,-52,4,0.24,0.24,0.24
v1_679,260,304,352,348,2444,2464,4164,4164,2184,2160,3812,3816,0.00,0.18,0.00,0.18,44,-4,20,0,-24,4,0.18,0.18,0.18
v1_680,416,440,340,328,2584,2608,4176,4180,2168,2168,3836,3852,0.43,0.53,0.43,0.53,24,-12,24,4,0,16,0.11,0.11,0.11
v1_681,292,320,316,316,2448,2476,4156,4156,2156,2156,3840,3840,-0.32,-0.32,0.32,0.32,28,0,28,0,0,0,0.00,0.00,0.00
v1_684,388,412,308,308,2588,2612,4124,4124,2200,2200,3816,3816,0.75,0.75,0.75,0.75,24,0,24,0,0,0,0.00,0.00,0.00
v1_685,288,312,304,308,2488,2504,4104,4104,2200,2192,3800,3796,0.00,0.00,0.00,0.00,24,4,16,0,-8,-4,0.00,0.00,0.00
v1_686,364,392,228,232,2564,2584,4076,4076,2200,2192,3848,3844,0.98,1.09,0.98,1.09,28,4,20,0,-8,-4,0.11,0.11,0.11
v1_687,280,312,424,456,2464,2484,4288,4288,2184,2172,3864,3832,-0.64,-0.43,0.64,0.43,32,32,20,0,-12,-32,0.21,-0.21,0.21
v1_688,416,444,412,408,2588,2612,4244,4244,2172,2168,3832,3836,0.54,0.75,0.54,0.75,28,-4,24,0,-4,4,0.21,0.21,0.21
v1_689,248,276,312,308,2432,2456,4140,4140,2184,2180,3828,3832,-1.07,-1.07,1.07,1.07,28,-4,24,0,-4,4,-0.00,0.00,0.00
v1_690,392,420,260,268,2584,2608,4092,4096,2192,2188,3832,3828,0.96,0.86,0.96,0.86,28,8,24,4,-4,-4,-0.11,-0.11,0.11
v1_693,296,320,440,440,2444,2464,4304,4308,2148,2144,3864,3868,0.00,-0.11,0.00,0.11,24,0,20,4,-4,4,-0.11,0.11,0.11
v1_694,448,472,468,464,2600,2624,4296,4300,2152,2152,3828,3836,0.11,0.11,0.11,0.11,24,-4,24,4,0,8,0.00,0.00,0.00
v1_695,236,260,276,272,2420,2440,4144,4144,2184,2180,3868,3872,0.75,0.00,0.75,0.00,24,-4,20,0,-4,4,-0.75,-0.75,0.75
v1_696,456,476,304,292,2636,2652,4184,4180,2180,2176,3880,3888,-0.54,-0.64,0.54,0.64,20,-12,16,-4,-4,8,-0.11,0.11,0.11
v1_697,240,272,328,328,2436,2452,4172,4176,2196,2180,3844,3848,0.48,0.60,0.48,0.60,32,0,16,4,-16,4,0.12,0.12,0.12
v1_698,460,484,392,392,2612,2632,4228,4228,2152,2148,3836,3836,0.11,-0.32,0.11,0.32,24,0,20,0,-4,0,-0.43,0.21,0.21
v1_699,244,244,364,360,2396,2412,4196,4196,2152,2168,3832,3836,0.00,0.00,0.00,0.00,0,-4,16,0,16,4,0.00,0.00,0.00
v1_702,452,484,332,336,2604,2624,4180,4180,2152,2140,3848,3844,0.11,0.00,0.11,0.00,32,4,20,0,-12,-4,-0.11,-0.11,0.11
v1_703,220,240,380,380,2396,2416,4256,4260,2176,2176,3876,3880,1.18,1.29,1.18,1.29,20,0,20,4,0,4,0.11,0.11,0.11
v1_704,464,504,352,368,2664,2680,4220,4224,2200,2176,3868,3856,-0.85,-0.54,0.85,0.54,40,16,16,4,-24,-12,0.32,-0.32,0.32
v1_705,204,228,372,380,2392,2408,4208,4204,2188,2180,3836,3824,0.85,0.85,0.85,0.85,24,8,16,-4,-8,-12,0.00,0.00,0.00
v1_706,464,484,328,332,2632,2656,4176,4176,2168,2172,3848,3844,-0.54,-0.54,0.54,0.54,20,4,24,0,4,-4,0.00,0.00,0.00
v1_710,388,432,324,336,2636,2636,4168,4168,2248,2204,3844,3832,1.38,1.07,1.38,1.07,44,12,0,0,-44,-12,-0.30,-0.30,0.30
v1_711,260,280,404,404,2432,2472,4228,4228,2172,2192,3824,3824,0.34,0.34,0.34,0.34,20,0,40,0,20,0,0.00,0.00,0.00
v1_712,452,468,356,360,2616,2636,4236,4236,2164,2168,3880,3876,-0.74,-0.74,0.74,0.74,16,4,20,0,4,-4,0.00,-0.00,0.00
v1_713,260,284,392,400,2452,2464,4216,4212,2192,2180,3824,3812,-0.85,-0.74,0.85,0.74,24,8,12,-4,-12,-12,0.10,-0.10,0.10
v1_714,432,452,360,364,2592,2612,4184,4192,2160,2160,3824,3828,0.12,0.12,0.12,0.12,20,4,20,8,0,4,0.00,0.00,0.00
v1_715,292,316,348,356,2456,2476,4176,4176,2164,2160,3828,3820,-0.21,-0.11,0.21,0.11,24,8,20,0,-4,-8,0.11,-0.11,0.11
v1_716,432,460,316,320,2588,2612,4140,4140,2156,2152,3824,3820,-0.32,0.11,0.32,0.11,28,4,24,0,-4,-4,0.43,-0.21,0.21
v1_717,264,284,336,336,2420,2440,4148,4152,2156,2156,3812,3816,-0.54,-0.43,0.54,0.43,20,0,20,4,0,4,0.11,-0.11,0.11
v1_718,452,472,396,400,2624,2640,4204,4204,2172,2168,3808,3804,0.32,0.32,0.32,0.32,20,4,16,0,-4,-4,0.00,0.00,0.00
v1_719,252,272,300,304,2432,2456,4096,4104,2180,2184,3796,3800,-0.64,-0.64,0.64,0.64,20,4,24,8,4,4,0.00,0.00,0.00
v1_720,420,440,344,348,2604,2628,4172,4172,2184,2188,3828,3824,0.43,0.64,0.43,0.64,20,4,24,0,4,-4,0.21,0.21,0.21
v1_721,304,320,360,364,2512,2528,4160,4164,2208,2208,3800,3800,-0.85,-0.74,0.85,0.74,16,4,16,4,0,0,0.11,-0.11,0.11
v1_722,364,384,336,332,2548,2568,4136,4144,2184,2184,3800,3812,0.32,0.32,0.32,0.32,20,-4,20,8,0,12,0.00,0.00,0.00
v1_723,232,256,348,352,2408,2420,4144,4144,2176,2164,3796,3792,-0.21,-0.11,0.21,0.11,24,4,12,0,-12,-4,0.11,-0.11,0.11
